ID,Girls_max,Boys_max,Total
201-2013614,13,17,30
202-2021101,1,4,5
202-2022000,4,11,15
202-2022001,10,13,23
202-2022002,0,0,0
202-2022019,27,24,51
202-2022036,29,29,58
202-2022065,21,32,53
202-2022078,36,19,55
202-2022095,23,17,40
202-2022184,13,17,30
202-2022219,20,9,29
202-2022290,15,11,26
202-2022436,22,32,54
202-2022438,26,30,56
202-2022475,23,33,56
202-2022502,23,35,58
202-2022507,20,35,55
202-2022603,31,27,58
202-2022775,36,24,60
202-2022797,15,15,30
202-2022841,17,13,30
202-2022842,12,18,30
202-2022843,43,45,88
202-2023323,13,15,28
202-2023327,15,14,29
202-2023340,18,12,30
202-2023352,14,16,30
202-2023359,18,7,25
202-2023361,14,16,30
202-2023370,12,19,31
202-2023391,25,19,44
202-2023398,17,11,28
202-2023400,27,24,51
202-2023429,19,15,34
202-2023441,17,13,30
202-2023482,11,17,28
202-2023517,13,15,28
202-2023521,13,17,30
202-2023546,15,11,26
202-2023560,12,19,31
202-2023568,20,9,29
202-2023649,17,13,30
202-2023655,17,14,31
202-2025950,0,0,0
202-2027008,3,3,6
202-2027201,0,0,0
202-2027205,4,15,19
203-2031101,0,0,0
203-2032018,29,30,59
203-2032024,11,18,29
203-2032028,59,46,105
203-2032071,29,26,55
203-2032106,16,13,29
203-2032174,20,36,56
203-2032228,24,32,56
203-2032242,25,24,49
203-2032258,29,29,58
203-2032266,13,22,35
203-2032271,25,16,41
203-2032275,37,23,60
203-2032299,33,24,57
203-2032313,24,26,50
203-2032325,27,34,61
203-2032353,29,26,55
203-2032410,20,11,31
203-2032471,41,43,84
203-2032552,25,35,60
203-2032598,13,17,30
203-2032656,30,42,72
203-2032662,17,31,48
203-2032790,19,11,30
203-2032798,32,28,60
203-2032801,26,30,56
203-2032804,16,13,29
203-2032813,32,47,79
203-2032851,18,16,34
203-2032877,33,27,60
203-2032885,44,44,88
203-2032890,55,58,113
203-2032900,60,52,112
203-2032901,23,33,56
203-2032902,18,10,28
203-2032915,13,16,29
203-2032916,31,28,59
203-2032917,42,17,59
203-2032918,31,22,53
203-2032919,22,25,47
203-2032920,45,43,88
203-2032921,45,41,86
203-2032922,32,52,84
203-2032923,32,28,60
203-2032924,26,30,56
203-2032925,33,20,53
203-2033322,13,14,27
203-2033331,15,15,30
203-2033338,23,30,53
203-2033382,16,17,33
203-2033481,16,11,27
203-2033500,16,19,35
203-2033526,28,32,60
203-2033535,30,29,59
203-2033561,20,19,39
203-2033577,15,15,30
203-2033585,18,12,30
203-2033604,16,11,27
203-2033632,24,28,52
203-2033657,9,14,23
203-2033662,14,15,29
203-2033666,15,13,28
203-2033668,16,13,29
203-2033670,36,50,86
203-2035200,49,40,89
203-2037200,0,2,2
203-2037201,8,21,29
204-2041103,0,0,0
204-2042000,0,19,19
204-2042001,45,45,90
204-2042002,0,0,0
204-2042003,0,0,0
204-2042004,0,0,0
204-2042048,26,34,60
204-2042120,14,15,29
204-2042150,44,25,69
204-2042155,23,17,40
204-2042238,25,32,57
204-2042376,26,34,60
204-2042388,28,31,59
204-2042421,40,49,89
204-2042431,29,29,58
204-2042444,25,31,56
204-2042450,26,32,58
204-2042487,49,40,89
204-2042489,25,27,52
204-2042532,28,29,57
204-2042533,18,39,57
204-2042534,38,35,73
204-2042539,35,19,54
204-2042545,24,31,55
204-2042564,21,29,50
204-2042592,28,30,58
204-2042615,30,23,53
204-2042636,27,29,56
204-2042654,31,45,76
204-2042779,17,13,30
204-2042795,20,34,54
204-2042856,12,14,26
204-2042859,29,30,59
204-2042860,16,11,27
204-2042861,12,17,29
204-2042862,28,24,52
204-2042863,13,13,26
204-2042864,24,36,60
204-2042865,13,14,27
204-2042872,29,26,55
204-2042896,32,18,50
204-2042897,29,31,60
204-2042898,21,22,43
204-2042899,24,29,53
204-2042900,22,35,57
204-2043000,14,16,30
204-2043358,16,13,29
204-2043371,18,12,30
204-2043458,19,28,47
204-2043543,12,12,24
204-2043553,15,13,28
204-2043572,14,9,23
204-2043616,13,16,29
204-2043618,11,17,28
204-2043659,15,14,29
204-2043663,9,10,19
204-2043664,18,0,18
204-2043665,31,28,59
204-2043666,12,15,27
204-2046006,0,0,0
204-2046072,0,0,0
204-2046073,0,0,0
204-2046337,0,0,0
204-2046388,0,0,0
204-2046399,0,0,0
204-2046410,0,0,0
204-2047161,2,9,11
204-2047171,3,5,8
205-2051106,0,0,0
205-2052000,17,13,30
205-2052001,32,28,60
205-2052002,15,32,47
205-2052003,26,26,52
205-2052004,0,0,0
205-2052005,14,6,20
205-2052026,14,15,29
205-2052045,13,16,29
205-2052061,29,27,56
205-2052134,20,9,29
205-2052223,14,8,22
205-2052286,23,25,48
205-2052309,16,10,26
205-2052350,14,16,30
205-2052383,14,10,24
205-2052408,29,28,57
205-2052444,28,22,50
205-2052484,16,14,30
205-2052555,21,29,50
205-2052577,9,16,25
205-2052632,18,35,53
205-2052660,23,32,55
205-2052913,10,16,26
205-2053300,18,8,26
205-2053354,36,34,70
205-2053368,19,11,30
205-2053378,11,20,31
205-2053463,23,29,52
205-2053529,18,11,29
205-2053566,17,14,31
205-2053578,14,14,28
205-2053600,31,30,61
205-2053602,19,10,29
205-2053645,18,12,30
205-2053648,31,23,54
205-2053649,31,29,60
205-2053650,10,16,26
205-2055400,0,20,20
205-2056382,0,0,0
205-2056905,0,0,0
205-2057014,1,13,14
205-2057203,2,5,7
205-2057206,1,2,3
206-2061101,1,3,4
206-2061110,0,0,0
206-2061112,0,3,3
206-2062000,0,0,0
206-2062001,0,0,0
206-2062002,0,0,0
206-2062015,23,35,58
206-2062128,9,11,20
206-2062166,12,19,31
206-2062170,31,31,62
206-2062251,14,15,29
206-2062261,45,39,84
206-2062279,23,19,42
206-2062282,21,19,40
206-2062379,26,28,54
206-2062429,19,11,30
206-2062455,20,20,40
206-2062515,12,10,22
206-2062596,28,28,56
206-2062624,15,12,27
206-2062643,30,31,61
206-2062646,12,17,29
206-2062666,27,33,60
206-2062803,17,20,37
206-2062805,24,20,44
206-2062809,31,29,60
206-2062850,33,25,58
206-2062851,26,23,49
206-2062852,35,18,53
206-2062853,24,31,55
206-2062854,31,29,60
206-2062855,22,35,57
206-2062856,29,25,54
206-2062857,28,29,57
206-2063384,26,34,60
206-2063456,19,15,34
206-2063465,16,13,29
206-2063471,16,13,29
206-2063483,31,23,54
206-2063488,16,14,30
206-2063495,14,16,30
206-2063501,17,11,28
206-2063527,14,11,25
206-2063575,17,12,29
206-2063606,16,14,30
206-2063631,31,28,59
206-2063633,26,18,44
206-2063643,15,11,26
206-2063644,26,26,52
206-2066905,15,15,30
206-2067001,0,0,0
206-2067002,2,5,7
206-2067030,3,1,4
206-2067031,1,11,12
206-2067146,5,3,8
207-2071100,0,0,0
207-2072000,22,30,52
207-2072001,0,0,0
207-2072021,12,18,30
207-2072030,33,17,50
207-2072050,18,26,44
207-2072060,33,26,59
207-2072121,29,20,49
207-2072229,21,29,50
207-2072399,23,31,54
207-2072452,28,30,58
207-2072456,12,15,27
207-2072538,25,30,55
207-2072594,14,16,30
207-2073321,18,12,30
207-2073356,9,13,22
207-2073379,13,17,30
207-2073402,15,15,30
207-2073417,17,12,29
207-2073437,20,15,35
207-2073455,14,12,26
207-2073477,15,14,29
207-2073504,18,10,28
207-2073541,11,11,22
207-2073542,12,28,40
207-2073613,11,18,29
207-2075200,11,18,29
207-2075201,17,27,44
207-2077164,3,3,6
207-2077165,0,0,0
208-2081102,0,4,4
208-2082022,15,14,29
208-2082115,34,26,60
208-2082265,47,37,84
208-2082292,23,32,55
208-2082295,57,60,117
208-2082331,25,21,46
208-2082332,15,18,33
208-2082359,61,50,111
208-2082371,27,34,61
208-2082459,18,12,30
208-2082504,20,21,41
208-2082575,27,15,42
208-2082578,43,42,85
208-2082591,25,28,53
208-2082617,11,14,25
208-2082626,10,14,24
208-2082657,21,36,57
208-2082664,34,37,71
208-2082783,21,39,60
208-2082785,38,36,74
208-2082794,27,26,53
208-2082808,28,27,55
208-2082836,19,26,45
208-2082868,11,19,30
208-2082895,15,14,29
208-2082897,24,22,46
208-2082898,23,34,57
208-2082899,39,50,89
208-2082900,43,45,88
208-2082901,26,19,45
208-2082902,43,42,85
208-2082903,24,28,52
208-2082905,26,34,60
208-2083000,21,34,55
208-2083307,26,32,58
208-2083324,15,9,24
208-2083329,19,11,30
208-2083375,12,13,25
208-2083403,13,15,28
208-2083457,7,11,18
208-2083466,11,14,25
208-2083491,12,13,25
208-2083493,18,12,30
208-2083499,12,15,27
208-2083502,20,9,29
208-2083589,9,18,27
208-2083596,12,17,29
208-2083621,32,25,57
208-2083641,11,26,37
208-2083642,9,16,25
208-2083643,17,13,30
208-2085200,25,26,51
208-2085201,32,25,57
208-2085202,25,29,54
208-2085204,43,44,87
208-2085205,27,26,53
208-2085206,12,17,29
208-2085207,61,53,114
208-2085208,25,19,44
208-2085209,39,47,86
208-2085402,32,24,56
208-2085950,1,6,7
208-2086384,0,0,0
208-2087115,0,0,0
208-2087194,5,13,18
209-2092000,33,37,70
209-2092001,33,27,60
209-2092002,31,27,58
209-2092023,20,34,54
209-2092029,15,15,30
209-2092068,33,26,59
209-2092108,31,29,60
209-2092127,52,37,89
209-2092148,34,25,59
209-2092158,44,37,81
209-2092163,36,18,54
209-2092187,24,32,56
209-2092197,24,29,53
209-2092225,32,25,57
209-2092259,43,46,89
209-2092267,19,12,31
209-2092289,35,39,74
209-2092304,47,42,89
209-2092307,26,30,56
209-2092342,27,27,54
209-2092347,44,41,85
209-2092349,25,33,58
209-2092374,30,26,56
209-2092381,26,31,57
209-2092390,31,26,57
209-2092403,24,45,69
209-2092491,33,23,56
209-2092493,28,31,59
209-2092529,30,27,57
209-2092535,42,45,87
209-2092570,44,40,84
209-2092599,32,31,63
209-2092605,40,40,80
209-2092782,30,30,60
209-2092811,46,42,88
209-2092815,24,34,58
209-2092818,15,14,29
209-2092869,32,27,59
209-2092870,14,15,29
209-2092871,14,24,38
209-2092878,16,14,30
209-2092887,21,35,56
209-2092911,43,55,98
209-2093301,16,14,30
209-2093315,14,7,21
209-2093325,9,15,24
209-2093344,13,17,30
209-2093360,11,12,23
209-2093374,19,11,30
209-2093416,18,11,29
209-2093420,25,24,49
209-2093454,16,13,29
209-2093472,14,16,30
209-2093478,22,23,45
209-2093518,11,16,27
209-2093548,23,23,46
209-2093588,15,22,37
209-2093594,15,15,30
209-2093597,15,15,30
209-2093650,13,17,30
209-2093661,18,12,30
209-2094323,0,0,0
209-2094636,20,38,58
209-2095200,25,36,61
209-2095201,32,25,57
209-2096363,0,0,0
209-2096905,27,29,56
209-2096906,24,17,41
209-2096907,28,9,37
209-2097038,2,7,9
209-2097141,0,1,1
209-2097182,4,15,19
209-2097183,0,5,5
210-2102000,0,0,0
210-2102001,22,22,44
210-2102002,21,28,49
210-2102003,25,29,54
210-2102004,0,0,0
210-2102005,18,25,43
210-2102006,0,0,0
210-2102007,0,0,0
210-2102008,22,34,56
210-2102038,16,14,30
210-2102085,37,29,66
210-2102100,21,38,59
210-2102116,35,24,59
210-2102123,18,24,42
210-2102138,15,13,28
210-2102142,35,37,72
210-2102161,36,39,75
210-2102169,47,43,90
210-2102257,38,45,83
210-2102263,32,25,57
210-2102293,20,34,54
210-2102308,19,10,29
210-2102323,21,35,56
210-2102328,40,44,84
210-2102335,40,44,84
210-2102339,28,33,61
210-2102351,29,27,56
210-2102365,12,23,35
210-2102392,23,34,57
210-2102411,18,31,49
210-2102500,27,35,62
210-2102514,20,21,41
210-2102516,17,25,42
210-2102526,27,28,55
210-2102560,18,9,27
210-2102562,31,26,57
210-2102607,14,11,25
210-2102609,10,15,25
210-2102621,10,17,27
210-2102848,24,30,54
210-2102852,14,15,29
210-2102853,27,26,53
210-2102855,20,35,55
210-2102856,47,44,91
210-2102857,17,33,50
210-2102858,26,32,58
210-2103313,18,13,31
210-2103341,27,27,54
210-2103399,18,12,30
210-2103435,25,28,53
210-2103445,9,16,25
210-2103447,17,13,30
210-2103452,33,29,62
210-2103460,33,27,60
210-2103468,7,17,24
210-2103475,24,22,46
210-2103476,12,18,30
210-2103484,17,12,29
210-2103492,9,5,14
210-2103508,13,16,29
210-2103516,9,17,26
210-2103573,15,24,39
210-2103586,15,14,29
210-2103593,13,14,27
210-2103669,14,12,26
210-2103670,21,25,46
210-2105200,21,29,50
210-2105201,29,27,56
210-2105203,32,26,58
210-2105205,14,13,27
210-2105207,22,26,48
210-2105209,25,34,59
210-2106912,33,24,57
210-2107007,0,0,0
210-2107066,0,0,0
210-2107073,0,0,0
210-2107126,3,12,15
210-2107167,0,8,8
210-2107186,1,6,7
211-2111100,0,0,0
211-2112000,20,19,39
211-2112001,42,47,89
211-2112002,27,26,53
211-2112003,18,29,47
211-2112004,28,32,60
211-2112005,42,31,73
211-2112006,15,32,47
211-2112008,23,32,55
211-2112009,12,8,20
211-2112043,52,37,89
211-2112056,61,58,119
211-2112059,26,34,60
211-2112091,17,17,34
211-2112097,41,42,83
211-2112099,47,42,89
211-2112110,24,20,44
211-2112118,36,21,57
211-2112144,35,54,89
211-2112145,45,44,89
211-2112147,21,39,60
211-2112159,25,35,60
211-2112254,22,25,47
211-2112270,15,15,30
211-2112281,20,23,43
211-2112341,30,25,55
211-2112377,32,27,59
211-2112397,29,28,57
211-2112402,45,45,90
211-2112406,21,29,50
211-2112432,12,12,24
211-2112446,15,15,30
211-2112499,29,29,58
211-2112533,45,42,87
211-2112557,19,26,45
211-2112568,26,34,60
211-2112569,23,27,50
211-2112623,12,15,27
211-2112631,28,30,58
211-2112658,12,17,29
211-2112828,30,28,58
211-2112857,12,18,30
211-2112908,23,23,46
211-2112909,14,13,27
211-2112910,20,21,41
211-2112912,28,21,49
211-2112916,18,12,30
211-2112917,35,24,59
211-2112918,13,13,26
211-2112919,30,26,56
211-2112920,14,15,29
211-2112921,9,10,19
211-2112922,47,41,88
211-2112999,30,28,58
211-2113332,15,7,22
211-2113346,15,12,27
211-2113350,10,19,29
211-2113397,16,14,30
211-2113411,14,22,36
211-2113431,9,18,27
211-2113462,17,11,28
211-2113497,22,34,56
211-2113540,12,14,26
211-2113563,11,17,28
211-2113574,19,11,30
211-2113581,13,12,25
211-2113592,19,11,30
211-2113619,10,17,27
211-2114277,0,0,0
211-2116003,0,0,0
211-2117084,0,0,0
211-2117095,3,14,17
211-2117169,3,4,7
211-2117170,0,7,7
212-2121102,0,0,0
212-2121103,0,0,0
212-2122000,27,32,59
212-2122001,10,13,23
212-2122002,28,25,53
212-2122003,0,0,0
212-2122004,14,18,32
212-2122005,38,24,62
212-2122006,0,0,0
212-2122007,15,11,26
212-2122009,22,17,39
212-2122010,17,17,34
212-2122011,25,25,50
212-2122034,23,25,48
212-2122040,60,60,120
212-2122064,26,24,50
212-2122067,23,28,51
212-2122107,28,32,60
212-2122180,28,46,74
212-2122211,18,17,35
212-2122217,27,20,47
212-2122231,21,23,44
212-2122237,29,29,58
212-2122301,16,16,32
212-2122314,23,31,54
212-2122334,9,15,24
212-2122467,40,38,78
212-2122495,23,34,57
212-2122511,20,27,47
212-2122541,23,30,53
212-2122545,21,24,45
212-2122558,21,25,46
212-2122584,33,32,65
212-2122633,18,27,45
212-2122774,10,19,29
212-2122780,27,30,57
212-2122781,36,23,59
212-2122786,22,24,46
212-2122807,14,17,31
212-2122877,16,13,29
212-2123304,15,15,30
212-2123320,13,9,22
212-2123376,13,18,31
212-2123387,16,15,31
212-2123390,17,13,30
212-2123408,11,8,19
212-2123422,21,25,46
212-2123434,7,14,21
212-2123444,12,18,30
212-2123486,15,13,28
212-2123524,14,16,30
212-2123525,11,14,25
212-2123528,19,7,26
212-2123550,29,31,60
212-2123629,31,28,59
212-2123636,13,17,30
212-2123644,11,15,26
212-2123645,26,36,62
212-2125201,38,42,80
212-2125202,14,18,32
212-2125204,43,47,90
212-2125205,16,14,30
212-2126383,0,0,0
212-2126409,0,0,0
212-2127000,0,2,2
212-2127067,1,1,2
212-2127068,0,0,0
212-2127077,0,2,2
212-2127123,5,4,9
212-2127183,3,19,22
213-2131101,0,1,1
213-2132000,29,30,59
213-2132001,7,14,21
213-2132002,18,10,28
213-2132003,17,12,29
213-2132004,12,12,24
213-2132005,18,18,36
213-2132032,20,37,57
213-2132189,23,32,55
213-2132208,26,30,56
213-2132244,46,46,92
213-2132418,26,26,52
213-2132778,32,27,59
213-2132799,24,42,66
213-2132844,19,23,42
213-2133306,10,17,27
213-2133316,17,9,26
213-2133351,16,9,25
213-2133381,18,16,34
213-2133414,19,11,30
213-2133418,6,7,13
213-2133424,13,14,27
213-2133432,23,28,51
213-2133440,14,16,30
213-2133446,12,18,30
213-2133451,12,14,26
213-2133453,14,6,20
213-2133473,25,11,36
213-2133496,13,12,25
213-2133511,8,16,24
213-2133520,10,15,25
213-2133532,16,27,43
213-2133539,14,12,26
213-2133580,13,15,28
213-2133582,23,17,40
213-2133590,13,15,28
213-2133598,17,10,27
213-2133610,18,13,31
213-2133611,18,12,30
213-2133623,11,19,30
213-2133653,15,16,31
213-2136327,0,0,0
213-2136907,22,37,59
213-2137042,0,8,8
213-2137184,5,5,10
301-3011100,0,0,0
301-3012002,53,56,109
301-3012003,53,62,115
301-3012006,50,61,111
301-3012009,66,83,149
301-3012010,39,53,92
301-3012013,59,55,114
301-3012015,59,78,137
301-3012019,0,0,0
301-3012024,38,44,82
301-3012026,61,58,119
301-3012033,64,53,117
301-3012043,29,26,55
301-3012047,60,48,108
301-3012052,34,24,58
301-3012055,70,65,135
301-3012056,26,30,56
301-3012059,87,90,177
301-3012061,36,49,85
301-3012063,76,68,144
301-3012064,38,49,87
301-3012065,29,33,62
301-3012066,29,30,59
301-3012067,80,87,167
301-3012068,30,29,59
301-3012069,41,51,92
301-3012070,43,37,80
301-3012071,65,55,120
301-3012072,38,50,88
301-3012073,36,45,81
301-3012074,46,45,91
301-3012075,70,73,143
301-3013300,28,26,54
301-3013301,49,35,84
301-3013500,26,18,44
301-3013502,26,21,47
301-3013503,31,27,58
301-3013505,13,14,27
301-3013506,11,19,30
301-3013507,48,39,87
301-3014003,0,0,0
301-3014023,0,0,0
301-3014024,0,0,0
301-3014028,13,16,29
301-3017001,3,6,9
301-3017005,7,16,23
302-3021100,0,0,0
302-3022001,10,17,27
302-3022002,29,32,61
302-3022003,21,38,59
302-3022004,11,13,24
302-3022007,51,38,89
302-3022009,24,35,59
302-3022010,26,19,45
302-3022011,12,18,30
302-3022014,42,47,89
302-3022015,10,20,30
302-3022016,16,15,31
302-3022017,26,33,59
302-3022018,45,45,90
302-3022020,12,18,30
302-3022023,48,39,87
302-3022024,15,16,31
302-3022025,20,25,45
302-3022026,49,40,89
302-3022027,46,41,87
302-3022029,28,32,60
302-3022031,12,17,29
302-3022032,30,30,60
302-3022036,27,30,57
302-3022037,15,15,30
302-3022038,32,28,60
302-3022041,11,18,29
302-3022042,12,18,30
302-3022043,56,61,117
302-3022045,31,29,60
302-3022047,26,33,59
302-3022048,0,0,0
302-3022049,0,0,0
302-3022050,0,0,0
302-3022051,34,38,72
302-3022054,16,14,30
302-3022055,10,19,29
302-3022057,34,51,85
302-3022060,26,32,58
302-3022067,15,15,30
302-3022070,21,9,30
302-3022072,45,34,79
302-3022073,41,48,89
302-3022076,23,31,54
302-3022077,53,65,118
302-3022078,0,49,49
302-3022079,58,0,58
302-3023300,15,15,30
302-3023302,15,15,30
302-3023304,27,29,56
302-3023305,13,8,21
302-3023307,19,10,29
302-3023309,16,14,30
302-3023311,30,30,60
302-3023312,17,15,32
302-3023313,16,14,30
302-3023314,17,14,31
302-3023315,12,18,30
302-3023316,12,18,30
302-3023317,24,35,59
302-3023501,13,17,30
302-3023502,21,21,42
302-3023504,24,36,60
302-3023506,35,24,59
302-3023507,14,16,30
302-3023509,34,29,63
302-3023510,27,33,60
302-3023511,23,32,55
302-3023512,22,32,54
302-3023513,26,27,53
302-3023514,25,24,49
302-3023515,12,18,30
302-3023516,14,16,30
302-3023518,29,29,58
302-3023519,45,50,95
302-3023520,24,35,59
302-3023521,42,46,88
302-3023522,22,30,52
302-3023523,46,43,89
302-3023524,10,20,30
302-3025200,44,40,84
302-3025201,29,24,53
302-3025948,16,13,29
302-3025949,22,38,60
302-3025950,0,0,0
302-3026081,0,0,0
302-3026104,0,0,0
302-3026114,0,0,0
302-3026115,0,0,0
302-3026119,0,0,0
302-3026905,0,0,0
302-3026906,0,0,0
302-3027005,4,6,10
302-3027009,4,11,15
303-3031102,0,0,0
303-3032000,28,25,53
303-3032001,28,25,53
303-3032002,49,37,86
303-3032003,15,17,32
303-3032005,46,39,85
303-3032006,32,25,57
303-3032007,28,28,56
303-3032008,32,27,59
303-3032009,25,36,61
303-3032012,38,21,59
303-3032016,32,31,63
303-3032019,10,20,30
303-3032020,32,26,58
303-3032021,39,45,84
303-3032022,35,27,62
303-3032023,17,11,28
303-3032029,38,18,56
303-3032031,63,55,118
303-3032033,34,26,60
303-3032041,18,11,29
303-3032042,27,32,59
303-3032044,31,27,58
303-3032046,51,39,90
303-3032048,43,40,83
303-3032049,18,20,38
303-3032056,31,25,56
303-3032058,29,32,61
303-3032059,14,16,30
303-3032062,42,45,87
303-3032063,25,33,58
303-3032064,31,30,61
303-3032065,16,12,28
303-3032067,24,27,51
303-3032068,27,28,55
303-3032069,10,19,29
303-3032071,23,37,60
303-3032080,40,49,89
303-3032081,51,38,89
303-3032083,11,21,32
303-3033001,26,34,60
303-3033008,50,40,90
303-3033301,17,29,46
303-3033302,13,17,30
303-3033500,27,33,60
303-3033501,26,30,56
303-3033502,18,10,28
303-3033503,25,39,64
303-3033504,36,24,60
303-3033505,15,15,30
303-3033506,12,11,23
303-3033510,24,34,58
303-3034003,29,44,73
303-3035201,27,33,60
303-3035202,16,14,30
303-3036053,0,0,0
303-3036060,0,0,0
303-3036907,34,25,59
303-3037000,1,11,12
303-3037001,6,5,11
303-3037003,4,7,11
304-3041110,0,0,0
304-3042000,24,27,51
304-3042003,40,43,83
304-3042006,46,42,88
304-3042017,31,35,66
304-3042018,46,43,89
304-3042020,28,32,60
304-3042021,36,46,82
304-3042022,42,47,89
304-3042024,36,54,90
304-3042028,71,73,144
304-3042029,36,24,60
304-3042031,66,50,116
304-3042034,19,11,30
304-3042035,0,0,0
304-3042038,26,33,59
304-3042039,51,38,89
304-3042040,0,0,0
304-3042041,55,62,117
304-3042042,20,25,45
304-3042049,62,58,120
304-3042053,32,28,60
304-3042055,38,21,59
304-3042056,14,15,29
304-3042057,27,28,55
304-3042064,20,28,48
304-3042066,35,52,87
304-3042067,32,26,58
304-3042068,26,32,58
304-3042070,51,32,83
304-3042071,31,29,60
304-3042073,24,31,55
304-3042074,55,63,118
304-3042075,46,44,90
304-3042076,64,56,120
304-3043301,15,13,28
304-3043302,32,25,57
304-3043303,26,34,60
304-3043308,17,18,35
304-3043500,27,33,60
304-3043501,32,38,70
304-3043505,44,42,86
304-3043506,25,28,53
304-3043508,15,15,30
304-3043511,18,12,30
304-3043601,50,40,90
304-3043602,16,22,38
304-3043603,0,25,25
304-3043605,59,61,120
304-3045200,56,41,97
304-3045201,16,19,35
304-3045202,23,35,58
304-3045203,32,25,57
304-3045204,20,30,50
304-3045410,35,26,61
304-3045949,33,27,60
304-3046004,0,0,0
304-3046072,0,0,0
304-3046079,0,0,0
304-3046112,0,0,0
304-3046906,26,33,59
304-3047005,2,5,7
304-3047006,9,18,27
304-3047009,9,14,23
305-3052000,29,35,64
305-3052002,42,54,96
305-3052003,11,19,30
305-3052004,27,36,63
305-3052006,0,0,0
305-3052008,44,44,88
305-3052009,33,31,64
305-3052010,35,55,90
305-3052011,30,29,59
305-3052012,43,21,64
305-3052014,27,31,58
305-3052016,28,31,59
305-3052018,56,69,125
305-3052022,27,32,59
305-3052023,27,28,55
305-3052024,34,23,57
305-3052026,45,55,100
305-3052027,12,20,32
305-3052028,29,26,55
305-3052029,11,16,27
305-3052031,0,0,0
305-3052034,10,6,16
305-3052035,0,0,0
305-3052036,17,11,28
305-3052039,52,44,96
305-3052041,4,6,10
305-3052042,17,13,30
305-3052046,6,3,9
305-3052053,16,16,32
305-3052056,55,66,121
305-3052057,15,17,32
305-3052059,24,40,64
305-3052062,26,30,56
305-3052064,15,17,32
305-3052066,32,31,63
305-3052067,30,27,57
305-3052068,0,0,0
305-3052069,12,15,27
305-3052070,33,27,60
305-3052071,37,43,80
305-3052072,25,43,68
305-3052074,35,28,63
305-3052075,29,36,65
305-3052079,30,34,64
305-3052080,13,19,32
305-3052082,34,25,59
305-3052084,17,13,30
305-3053000,13,18,31
305-3053001,47,41,88
305-3053002,25,22,47
305-3053003,30,36,66
305-3053004,9,5,14
305-3053005,20,12,32
305-3053300,24,35,59
305-3053301,18,14,32
305-3053500,13,16,29
305-3053501,13,20,33
305-3053503,12,19,31
305-3053504,11,14,25
305-3053505,17,14,31
305-3053507,13,20,33
305-3053508,18,12,30
305-3053510,39,24,63
305-3055200,89,89,178
305-3055201,25,8,33
305-3055202,41,21,62
305-3055204,46,50,96
305-3055205,47,49,96
305-3055206,31,32,63
305-3055207,47,50,97
305-3056004,0,0,0
305-3056066,0,0,0
305-3056079,0,0,0
305-3057000,0,1,1
305-3057001,0,4,4
305-3057005,4,0,4
305-3057012,3,18,21
306-3061100,0,1,1
306-3062003,45,45,90
306-3062004,35,24,59
306-3062008,9,20,29
306-3062012,61,59,120
306-3062013,38,49,87
306-3062015,62,45,107
306-3062016,32,22,54
306-3062019,34,26,60
306-3062020,26,33,59
306-3062025,39,39,78
306-3062031,27,30,57
306-3062033,39,42,81
306-3062034,30,26,56
306-3062036,51,32,83
306-3062040,0,0,0
306-3062043,34,27,61
306-3062046,42,48,90
306-3062047,62,51,113
306-3062050,75,0,75
306-3062055,54,49,103
306-3062057,27,35,62
306-3062058,11,15,26
306-3062061,0,0,0
306-3062062,13,17,30
306-3062064,0,0,0
306-3062065,14,18,32
306-3062066,0,0,0
306-3062067,32,28,60
306-3062068,25,33,58
306-3062073,25,26,51
306-3062076,45,48,93
306-3062081,0,75,75
306-3062082,35,37,72
306-3062083,19,11,30
306-3062084,17,27,44
306-3062085,20,19,39
306-3062086,14,18,32
306-3062087,0,0,0
306-3062088,15,11,26
306-3062090,56,52,108
306-3062091,13,9,22
306-3062093,46,40,86
306-3062097,28,28,56
306-3062098,12,16,28
306-3062099,30,25,55
306-3062100,28,25,53
306-3062102,29,31,60
306-3062103,30,32,62
306-3062104,0,0,0
306-3062105,31,36,67
306-3062107,42,46,88
306-3062109,17,20,37
306-3062111,14,16,30
306-3062113,63,71,134
306-3062114,53,42,95
306-3062115,35,26,61
306-3063000,26,27,53
306-3063003,20,11,31
306-3063006,53,55,108
306-3063008,27,28,55
306-3063300,10,20,30
306-3063301,15,17,32
306-3063400,16,15,31
306-3063401,33,25,58
306-3063403,35,40,75
306-3063404,10,21,31
306-3063408,34,25,59
306-3063409,17,14,31
306-3063411,29,20,49
306-3063415,40,42,82
306-3063416,11,18,29
306-3063417,29,32,61
306-3063418,39,51,90
306-3063419,26,30,56
306-3063420,48,40,88
306-3065200,37,35,72
306-3065201,47,40,87
306-3065202,33,27,60
306-3066088,0,0,0
306-3066909,61,48,109
306-3067001,9,6,15
306-3067004,0,17,17
306-3067005,4,9,13
306-3067006,6,17,23
307-3071104,0,3,3
307-3072000,33,27,60
307-3072001,34,25,59
307-3072003,0,0,0
307-3072004,0,0,0
307-3072005,45,53,98
307-3072010,18,16,34
307-3072022,27,24,51
307-3072033,28,29,57
307-3072046,41,48,89
307-3072058,24,32,56
307-3072059,28,31,59
307-3072067,33,28,61
307-3072071,56,30,86
307-3072076,18,24,42
307-3072083,13,21,34
307-3072088,35,23,58
307-3072092,35,24,59
307-3072094,25,27,52
307-3072115,29,30,59
307-3072121,48,42,90
307-3072125,34,31,65
307-3072150,29,31,60
307-3072151,52,39,91
307-3072153,24,28,52
307-3072154,26,30,56
307-3072161,16,15,31
307-3072162,22,38,60
307-3072163,32,28,60
307-3072164,29,30,59
307-3072165,36,43,79
307-3072166,30,26,56
307-3072167,55,65,120
307-3072168,59,59,118
307-3072169,45,39,84
307-3072170,23,33,56
307-3072171,67,61,128
307-3072172,42,45,87
307-3072173,37,50,87
307-3072174,45,44,89
307-3072175,27,31,58
307-3072176,22,38,60
307-3072177,40,35,75
307-3072178,13,17,30
307-3072179,25,24,49
307-3072180,44,45,89
307-3072181,30,25,55
307-3072182,49,41,90
307-3072183,30,28,58
307-3072185,26,28,54
307-3072186,35,24,59
307-3072187,54,59,113
307-3073500,29,31,60
307-3073503,29,31,60
307-3073504,25,31,56
307-3073505,19,11,30
307-3073506,45,44,89
307-3073507,45,45,90
307-3073508,51,39,90
307-3073509,36,24,60
307-3073510,31,29,60
307-3073511,17,13,30
307-3073512,25,32,57
307-3073513,58,62,120
307-3075200,54,57,111
307-3075202,59,53,112
307-3076000,0,0,0
307-3076050,0,0,0
307-3076065,0,0,0
307-3076339,0,0,0
307-3076401,0,0,0
307-3076905,33,42,75
307-3077007,8,19,27
307-3077010,4,10,14
307-3077012,4,3,7
307-3077013,2,8,10
308-3082000,29,31,60
308-3082009,27,31,58
308-3082010,41,47,88
308-3082012,31,29,60
308-3082013,30,30,60
308-3082016,18,7,25
308-3082017,14,12,26
308-3082025,56,92,148
308-3082028,47,43,90
308-3082029,32,28,60
308-3082030,44,46,90
308-3082032,38,42,80
308-3082033,33,58,91
308-3082036,11,20,31
308-3082038,72,71,143
308-3082039,49,41,90
308-3082042,41,44,85
308-3082048,44,45,89
308-3082053,42,44,86
308-3082055,63,56,119
308-3082061,28,27,55
308-3082063,33,28,61
308-3082071,49,40,89
308-3082072,35,25,60
308-3082073,59,61,120
308-3082074,25,35,60
308-3082075,24,37,61
308-3082076,47,62,109
308-3082077,33,26,59
308-3082078,53,65,118
308-3082079,40,49,89
308-3082080,36,52,88
308-3082081,36,34,70
308-3082082,28,23,51
308-3082083,70,50,120
308-3082084,38,47,85
308-3082085,39,51,90
308-3082086,31,29,60
308-3082089,31,29,60
308-3082090,41,37,78
308-3082092,46,44,90
308-3082093,29,29,58
308-3082094,28,29,57
308-3083302,36,42,78
308-3083303,7,7,14
308-3083304,17,13,30
308-3083307,29,31,60
308-3083308,18,12,30
308-3083309,16,12,28
308-3083310,22,25,47
308-3083311,11,17,28
308-3083312,29,31,60
308-3083313,25,37,62
308-3083500,31,28,59
308-3083501,35,29,64
308-3083502,52,37,89
308-3083503,28,33,61
308-3083504,15,15,30
308-3083505,36,50,86
308-3083506,28,33,61
308-3083507,43,49,92
308-3083508,43,45,88
308-3084001,39,21,60
308-3084002,0,0,0
308-3084007,14,16,30
308-3085200,18,12,30
308-3086052,0,0,0
308-3086056,0,0,0
308-3086062,0,0,0
308-3086906,27,32,59
308-3087001,0,0,0
308-3087002,1,4,5
308-3087005,0,0,0
308-3087007,6,5,11
308-3087008,1,19,20
309-3091101,0,0,0
309-3091102,0,1,1
309-3092002,29,29,58
309-3092004,31,29,60
309-3092008,21,31,52
309-3092011,9,21,30
309-3092012,25,32,57
309-3092015,31,25,56
309-3092016,31,27,58
309-3092020,27,32,59
309-3092021,31,28,59
309-3092022,31,28,59
309-3092025,25,32,57
309-3092028,30,25,55
309-3092029,44,46,90
309-3092030,28,31,59
309-3092031,28,32,60
309-3092037,17,11,28
309-3092041,42,48,90
309-3092045,28,28,56
309-3092047,12,16,28
309-3092051,13,17,30
309-3092057,19,36,55
309-3092058,66,54,120
309-3092062,47,34,81
309-3092063,29,32,61
309-3092065,9,18,27
309-3092072,48,43,91
309-3092075,34,24,58
309-3092076,26,29,55
309-3092077,30,29,59
309-3092078,35,23,58
309-3092079,11,25,36
309-3092080,29,26,55
309-3092082,47,35,82
309-3092083,31,25,56
309-3092084,53,34,87
309-3092085,36,24,60
309-3092088,28,30,58
309-3093000,11,17,28
309-3093001,45,48,93
309-3093302,35,27,62
309-3093303,15,12,27
309-3093304,18,11,29
309-3093306,31,27,58
309-3093307,14,15,29
309-3093308,29,29,58
309-3093500,26,28,54
309-3093501,47,37,84
309-3093502,28,24,52
309-3093503,33,25,58
309-3093504,10,16,26
309-3093508,11,19,30
309-3093509,24,27,51
309-3093510,15,13,28
309-3093511,26,32,58
309-3093512,33,26,59
309-3094000,0,0,0
309-3096066,0,0,0
309-3096088,0,0,0
309-3097000,1,2,3
309-3097001,5,2,7
309-3097005,1,16,17
309-3097008,0,3,3
310-3101101,1,0,1
310-3102001,40,43,83
310-3102002,0,0,0
310-3102005,31,28,59
310-3102006,27,33,60
310-3102045,12,18,30
310-3102049,29,31,60
310-3102050,41,48,89
310-3102051,53,34,87
310-3102052,29,31,60
310-3102053,23,37,60
310-3102055,37,51,88
310-3102059,44,47,91
310-3102060,55,65,120
310-3102061,40,50,90
310-3102063,44,46,90
310-3102066,61,60,121
310-3102071,44,44,88
310-3102072,40,50,90
310-3102073,48,42,90
310-3102082,41,44,85
310-3102084,47,40,87
310-3102085,51,64,115
310-3102086,35,47,82
310-3102087,44,48,92
310-3102093,29,30,59
310-3102096,46,42,88
310-3102097,37,53,90
310-3102098,50,37,87
310-3102101,44,45,89
310-3103500,38,21,59
310-3103501,30,30,60
310-3103504,38,23,61
310-3103505,27,35,62
310-3103507,33,28,61
310-3103508,27,36,63
310-3103509,16,15,31
310-3103511,30,30,60
310-3103512,40,46,86
310-3103513,24,35,59
310-3103514,50,39,89
310-3106006,0,0,0
310-3106050,0,0,0
310-3106063,0,0,0
310-3107004,4,12,16
310-3107006,5,10,15
311-3111109,0,0,0
311-3112000,37,33,70
311-3112003,20,23,43
311-3112004,22,15,37
311-3112005,37,48,85
311-3112006,43,48,91
311-3112008,30,29,59
311-3112009,33,27,60
311-3112012,25,34,59
311-3112014,33,27,60
311-3112015,23,31,54
311-3112016,44,34,78
311-3112017,30,29,59
311-3112020,0,0,0
311-3112022,42,39,81
311-3112024,27,25,52
311-3112025,28,30,58
311-3112031,0,0,0
311-3112038,41,50,91
311-3112041,44,34,78
311-3112055,50,68,118
311-3112061,52,60,112
311-3112066,46,44,90
311-3112069,30,30,60
311-3112073,36,43,79
311-3112076,48,43,91
311-3112078,12,18,30
311-3112080,14,16,30
311-3112081,31,31,62
311-3112084,22,28,50
311-3112085,49,40,89
311-3112086,46,44,90
311-3112087,49,40,89
311-3112089,35,33,68
311-3112090,42,48,90
311-3112092,25,34,59
311-3112093,11,20,31
311-3112094,43,46,89
311-3112096,32,47,79
311-3112097,43,43,86
311-3113000,8,5,13
311-3113301,48,39,87
311-3113501,28,32,60
311-3113502,11,19,30
311-3113503,29,30,59
311-3113504,28,33,61
311-3113506,28,32,60
311-3113507,15,15,30
311-3113508,16,14,30
311-3113509,40,50,90
311-3116053,0,0,0
311-3116057,0,0,0
311-3117000,1,11,12
311-3117003,3,2,5
311-3117004,0,10,10
312-3122001,35,30,65
312-3122002,24,26,50
312-3122003,25,31,56
312-3122004,48,42,90
312-3122010,47,36,83
312-3122011,40,29,69
312-3122016,45,36,81
312-3122017,20,37,57
312-3122018,56,49,105
312-3122020,41,46,87
312-3122021,26,33,59
312-3122022,55,48,103
312-3122023,33,35,68
312-3122025,45,36,81
312-3122026,14,15,29
312-3122027,0,0,0
312-3122028,0,0,0
312-3122029,31,29,60
312-3122032,38,41,79
312-3122035,0,0,0
312-3122036,59,58,117
312-3122038,47,44,91
312-3122040,54,63,117
312-3122045,30,29,59
312-3122048,38,25,63
312-3122049,33,44,77
312-3122051,25,35,60
312-3122052,51,56,107
312-3122054,42,46,88
312-3122059,77,49,126
312-3122061,29,30,59
312-3122063,34,23,57
312-3122064,45,40,85
312-3122065,13,16,29
312-3122076,25,31,56
312-3122078,55,65,120
312-3122080,30,36,66
312-3122081,39,57,96
312-3122082,83,66,149
312-3122084,48,70,118
312-3123300,30,22,52
312-3123302,16,14,30
312-3123306,30,29,59
312-3123307,27,30,57
312-3123400,14,15,29
312-3123401,42,47,89
312-3123402,34,26,60
312-3123403,9,21,30
312-3123404,14,16,30
312-3123405,48,40,88
312-3123410,26,31,57
312-3124654,27,31,58
312-3125201,39,51,90
312-3125202,43,64,107
312-3125205,24,35,59
312-3125206,34,44,78
312-3125208,14,17,31
312-3125211,42,46,88
312-3127001,1,16,17
312-3127002,2,7,9
312-3127005,1,4,5
312-3127006,0,3,3
312-3127009,5,25,30
312-3127012,4,11,15
313-3131100,0,1,1
313-3132003,31,29,60
313-3132004,38,48,86
313-3132005,32,23,55
313-3132007,18,11,29
313-3132014,43,47,90
313-3132015,10,18,28
313-3132020,55,59,114
313-3132022,21,33,54
313-3132023,0,0,0
313-3132024,35,51,86
313-3132029,0,0,0
313-3132031,94,110,204
313-3132033,54,65,119
313-3132034,57,58,115
313-3132036,41,43,84
313-3132037,59,52,111
313-3132038,53,58,111
313-3132041,46,43,89
313-3132044,14,16,30
313-3132045,52,62,114
313-3132047,45,41,86
313-3132050,30,30,60
313-3132051,16,14,30
313-3132056,38,36,74
313-3132061,21,21,42
313-3132062,45,42,87
313-3132063,29,28,57
313-3132064,26,30,56
313-3132071,17,14,31
313-3132073,35,53,88
313-3132075,28,31,59
313-3132078,26,28,54
313-3132079,33,39,72
313-3132081,28,28,56
313-3132082,24,21,45
313-3132083,41,42,83
313-3133300,31,32,63
313-3133302,15,15,30
313-3133502,13,13,26
313-3133503,33,27,60
313-3133504,27,31,58
313-3133505,16,14,30
313-3133507,31,29,60
313-3133941,31,30,61
313-3133942,54,35,89
313-3133943,34,53,87
313-3133944,37,22,59
313-3134000,33,28,61
313-3134002,23,27,50
313-3136003,0,0,0
313-3136072,0,0,0
313-3137003,0,8,8
313-3137005,6,13,19
313-3137007,5,13,18
313-3137010,0,8,8
314-3142000,14,21,35
314-3142001,61,59,120
314-3142005,27,27,54
314-3142006,20,27,47
314-3142007,17,15,32
314-3142008,21,35,56
314-3142014,55,66,121
314-3142020,11,19,30
314-3142024,62,46,108
314-3142028,64,53,117
314-3142032,29,23,52
314-3142033,58,32,90
314-3142034,29,26,55
314-3142035,37,32,69
314-3142036,39,31,70
314-3142037,56,63,119
314-3143301,36,24,60
314-3143302,43,44,87
314-3143303,25,35,60
314-3143304,35,23,58
314-3143305,10,17,27
314-3143308,14,16,30
314-3143309,29,31,60
314-3143310,27,26,53
314-3143311,13,17,30
314-3143500,24,35,59
314-3143501,30,28,58
314-3143502,13,15,28
314-3143503,37,21,58
314-3144002,0,0,0
314-3145200,17,13,30
314-3145950,2,4,6
314-3147002,2,6,8
315-3151100,0,0,0
315-3152000,21,23,44
315-3152001,0,0,0
315-3152002,31,31,62
315-3152003,8,14,22
315-3152052,22,31,53
315-3152055,11,19,30
315-3152056,23,26,49
315-3152059,30,33,63
315-3152061,33,27,60
315-3152062,19,23,42
315-3152063,28,30,58
315-3152064,25,26,51
315-3152066,23,17,40
315-3152067,15,15,30
315-3152068,15,11,26
315-3152070,27,31,58
315-3152071,27,32,59
315-3152072,32,25,57
315-3152073,11,19,30
315-3152074,27,32,59
315-3152075,28,27,55
315-3152076,35,52,87
315-3152077,30,28,58
315-3152081,29,31,60
315-3152082,45,41,86
315-3152083,34,43,77
315-3152084,34,40,74
315-3152085,32,35,67
315-3152089,20,25,45
315-3152090,28,27,55
315-3152091,39,48,87
315-3152092,25,32,57
315-3152094,49,37,86
315-3153300,23,20,43
315-3153302,12,15,27
315-3153303,38,22,60
315-3153304,37,23,60
315-3153500,27,29,56
315-3153501,24,27,51
315-3153502,32,28,60
315-3153503,40,18,58
315-3153505,29,31,60
315-3153506,28,21,49
315-3153507,45,31,76
315-3156588,0,0,0
315-3157004,3,8,11
315-3157006,2,7,9
316-3161100,0,1,1
316-3162001,57,61,118
316-3162004,57,60,117
316-3162006,24,35,59
316-3162010,50,31,81
316-3162012,70,50,120
316-3162014,0,0,0
316-3162015,46,40,86
316-3162016,28,21,49
316-3162017,19,35,54
316-3162018,64,55,119
316-3162022,23,24,47
316-3162024,35,43,78
316-3162026,12,17,29
316-3162030,31,24,55
316-3162032,33,25,58
316-3162034,66,52,118
316-3162036,23,37,60
316-3162037,75,72,147
316-3162038,12,18,30
316-3162039,18,39,57
316-3162043,24,31,55
316-3162047,49,41,90
316-3162051,35,39,74
316-3162055,40,48,88
316-3162058,26,27,53
316-3162059,41,41,82
316-3162061,44,44,88
316-3162064,44,46,90
316-3162065,16,14,30
316-3162066,37,52,89
316-3162069,31,29,60
316-3162071,24,35,59
316-3162073,58,58,116
316-3162077,35,45,80
316-3162079,37,48,85
316-3162080,45,39,84
316-3162081,24,36,60
316-3162083,41,49,90
316-3162088,22,22,44
316-3162089,21,26,47
316-3162090,32,22,54
316-3162091,21,39,60
316-3162092,45,36,81
316-3162093,57,59,116
316-3162094,59,52,111
316-3162095,63,56,119
316-3162096,58,62,120
316-3162097,58,62,120
316-3162098,32,40,72
316-3162099,32,27,59
316-3162101,29,30,59
316-3162102,24,35,59
316-3162104,24,28,52
316-3163000,33,39,72
316-3163001,23,15,38
316-3163300,14,14,28
316-3163503,25,31,56
316-3163505,29,31,60
316-3163506,14,16,30
316-3163507,16,13,29
316-3163508,21,20,41
316-3163510,26,31,57
316-3163511,32,29,61
316-3164001,40,31,71
316-3164003,50,39,89
316-3164005,26,26,52
316-3164011,0,0,0
316-3166051,0,0,0
316-3166066,0,0,0
316-3166072,0,0,0
316-3167004,1,6,7
316-3167007,0,0,0
317-3171101,0,0,0
317-3172000,28,30,58
317-3172001,46,55,101
317-3172002,27,32,59
317-3172012,71,64,135
317-3172015,56,33,89
317-3172017,49,42,91
317-3172021,30,26,56
317-3172022,28,32,60
317-3172023,52,36,88
317-3172024,38,40,78
317-3172030,23,34,57
317-3172031,48,71,119
317-3172038,71,68,139
317-3172039,46,41,87
317-3172042,47,40,87
317-3172051,24,36,60
317-3172053,17,28,45
317-3172054,37,22,59
317-3172055,29,30,59
317-3172056,58,57,115
317-3172057,48,41,89
317-3172058,39,50,89
317-3172061,31,27,58
317-3172062,26,35,61
317-3172063,51,33,84
317-3172066,55,62,117
317-3172069,45,47,92
317-3172070,44,44,88
317-3172071,59,54,113
317-3172072,65,86,151
317-3172073,38,52,90
317-3173300,14,16,30
317-3173500,29,30,59
317-3173504,27,33,60
317-3173505,33,27,60
317-3173506,23,37,60
317-3173507,30,27,57
317-3173509,26,14,40
317-3173513,27,33,60
317-3173514,31,31,62
317-3173516,40,39,79
317-3173519,44,45,89
317-3173520,57,63,120
317-3173524,43,48,91
317-3173527,43,49,92
317-3173528,51,68,119
317-3173529,49,42,91
317-3174001,0,0,0
317-3174002,0,0,0
317-3174027,61,54,115
317-3174032,0,0,0
317-3176057,0,0,0
317-3176062,0,0,0
317-3176076,0,0,0
317-3176077,0,0,0
317-3177004,1,3,4
317-3177007,7,25,32
317-3177009,2,5,7
318-3182000,16,14,30
318-3182003,20,10,30
318-3182004,25,28,53
318-3182005,28,22,50
318-3182006,27,32,59
318-3182007,42,48,90
318-3182008,34,54,88
318-3182011,60,56,116
318-3182013,25,24,49
318-3182015,15,18,33
318-3182017,0,0,0
318-3182018,19,41,60
318-3182019,10,20,30
318-3182020,29,30,59
318-3182021,38,71,109
318-3182023,41,46,87
318-3182025,0,0,0
318-3182028,43,45,88
318-3182029,28,34,62
318-3182032,42,48,90
318-3182035,39,33,72
318-3182036,41,49,90
318-3182037,33,28,61
318-3182039,8,15,23
318-3182040,45,45,90
318-3183303,14,17,31
318-3183304,25,34,59
318-3183309,12,20,32
318-3183310,21,10,31
318-3183312,42,42,84
318-3183315,27,32,59
318-3183316,46,45,91
318-3183317,44,46,90
318-3183319,30,30,60
318-3183320,16,17,33
318-3183321,41,47,88
318-3183322,15,16,31
318-3183324,11,37,48
318-3183326,32,28,60
318-3183327,28,32,60
318-3187000,3,2,5
318-3187007,4,2,6
319-3191100,0,1,1
319-3191102,0,0,0
319-3192000,85,104,189
319-3192001,44,45,89
319-3192002,27,28,55
319-3192003,67,85,152
319-3192004,48,41,89
319-3192008,15,19,34
319-3192009,27,34,61
319-3192011,59,61,120
319-3192012,33,27,60
319-3192013,53,50,103
319-3192015,30,26,56
319-3192016,46,41,87
319-3192019,29,30,59
319-3192022,28,31,59
319-3192023,38,52,90
319-3192026,29,31,60
319-3192027,30,30,60
319-3192038,47,41,88
319-3192041,40,50,90
319-3192042,15,15,30
319-3192043,13,22,35
319-3192045,27,33,60
319-3192046,26,31,57
319-3192048,28,28,56
319-3192049,41,48,89
319-3193301,34,26,60
319-3193303,49,41,90
319-3193304,35,29,64
319-3193500,37,26,63
319-3193501,45,45,90
319-3193503,50,46,96
319-3195200,30,30,60
319-3195201,50,40,90
319-3196062,0,0,0
319-3196073,0,0,0
319-3197001,5,7,12
319-3197002,4,8,12
319-3197005,0,4,4
319-3197006,2,5,7
320-3201105,0,2,2
320-3202001,45,45,90
320-3202005,38,51,89
320-3202006,35,28,63
320-3202007,26,34,60
320-3202015,62,57,119
320-3202017,42,45,87
320-3202018,75,84,159
320-3202019,9,13,22
320-3202023,55,62,117
320-3202029,27,30,57
320-3202030,35,52,87
320-3202031,28,32,60
320-3202033,86,63,149
320-3202034,36,44,80
320-3202035,26,28,54
320-3202036,42,37,79
320-3202037,30,30,60
320-3202038,0,0,0
320-3202039,34,24,58
320-3202040,37,23,60
320-3202045,27,33,60
320-3202049,31,26,57
320-3202050,45,64,109
320-3202055,15,14,29
320-3202061,17,10,27
320-3202062,14,16,30
320-3202064,55,63,118
320-3202066,30,32,62
320-3202067,11,17,28
320-3202069,31,25,56
320-3202072,34,34,68
320-3202074,71,61,132
320-3202075,14,16,30
320-3202076,30,26,56
320-3202078,35,25,60
320-3202079,17,13,30
320-3202081,31,23,54
320-3202082,30,30,60
320-3202083,13,16,29
320-3202084,28,26,54
320-3203001,36,25,61
320-3203300,16,16,32
320-3203301,33,20,53
320-3203304,15,28,43
320-3203307,50,38,88
320-3203308,57,60,117
320-3203310,55,51,106
320-3203311,35,26,61
320-3204000,61,54,115
320-3204062,27,33,60
320-3205200,28,33,61
320-3205950,7,19,26
320-3206061,0,0,0
320-3207002,2,6,8
320-3207003,1,3,4
320-3207011,0,0,0
330-3301100,3,13,16
330-3302003,61,35,96
330-3302004,22,25,47
330-3302005,53,42,95
330-3302008,28,32,60
330-3302010,56,32,88
330-3302011,43,47,90
330-3302014,32,28,60
330-3302015,29,30,59
330-3302016,48,42,90
330-3302018,21,30,51
330-3302019,35,25,60
330-3302020,28,33,61
330-3302021,26,35,61
330-3302024,25,31,56
330-3302026,23,28,51
330-3302030,67,51,118
330-3302032,28,32,60
330-3302034,24,33,57
330-3302036,32,28,60
330-3302037,34,26,60
330-3302038,66,58,124
330-3302039,27,35,62
330-3302040,28,34,62
330-3302047,33,27,60
330-3302048,19,11,30
330-3302052,24,27,51
330-3302053,51,69,120
330-3302055,22,34,56
330-3302056,30,28,58
330-3302057,36,25,61
330-3302058,18,17,35
330-3302059,18,12,30
330-3302060,14,15,29
330-3302061,14,13,27
330-3302062,49,46,95
330-3302063,42,48,90
330-3302064,26,36,62
330-3302065,43,47,90
330-3302067,30,30,60
330-3302068,19,23,42
330-3302070,45,45,90
330-3302071,16,14,30
330-3302072,49,43,92
330-3302073,30,28,58
330-3302075,30,30,60
330-3302078,27,18,45
330-3302079,25,34,59
330-3302080,27,26,53
330-3302081,31,30,61
330-3302082,29,32,61
330-3302085,45,45,90
330-3302086,65,55,120
330-3302087,27,32,59
330-3302091,11,19,30
330-3302092,48,72,120
330-3302096,36,48,84
330-3302097,19,11,30
330-3302098,12,16,28
330-3302099,13,16,29
330-3302100,18,8,26
330-3302103,34,26,60
330-3302104,17,13,30
330-3302105,34,26,60
330-3302107,45,42,87
330-3302108,50,69,119
330-3302109,30,29,59
330-3302110,25,35,60
330-3302111,14,16,30
330-3302115,13,17,30
330-3302117,17,13,30
330-3302118,30,30,60
330-3302119,29,31,60
330-3302120,17,15,32
330-3302121,7,21,28
330-3302122,37,51,88
330-3302126,12,17,29
330-3302127,31,30,61
330-3302128,40,51,91
330-3302133,28,32,60
330-3302134,31,29,60
330-3302136,28,32,60
330-3302138,44,43,87
330-3302140,22,28,50
330-3302141,11,18,29
330-3302142,27,30,57
330-3302144,49,40,89
330-3302145,35,25,60
330-3302146,49,41,90
330-3302149,32,29,61
330-3302150,38,47,85
330-3302152,19,12,31
330-3302153,30,27,57
330-3302154,16,10,26
330-3302155,28,30,58
330-3302157,24,35,59
330-3302158,14,17,31
330-3302159,17,14,31
330-3302160,47,31,78
330-3302162,23,36,59
330-3302165,60,65,125
330-3302167,0,0,0
330-3302169,24,37,61
330-3302170,28,29,57
330-3302171,27,27,54
330-3302175,27,33,60
330-3302176,48,49,97
330-3302178,13,17,30
330-3302179,89,91,180
330-3302180,30,32,62
330-3302182,79,70,149
330-3302184,29,31,60
330-3302185,34,26,60
330-3302188,14,16,30
330-3302189,35,26,61
330-3302190,13,17,30
330-3302191,19,11,30
330-3302192,82,66,148
330-3302195,38,47,85
330-3302225,48,44,92
330-3302226,46,44,90
330-3302227,30,28,58
330-3302231,30,30,60
330-3302236,30,22,52
330-3302241,28,33,61
330-3302245,20,10,30
330-3302246,40,58,98
330-3302249,14,15,29
330-3302251,25,36,61
330-3302254,45,45,90
330-3302263,30,28,58
330-3302273,17,20,37
330-3302278,20,35,55
330-3302283,58,35,93
330-3302284,13,17,30
330-3302288,25,38,63
330-3302289,16,14,30
330-3302293,44,46,90
330-3302294,28,32,60
330-3302295,15,15,30
330-3302296,28,30,58
330-3302297,54,41,95
330-3302300,42,48,90
330-3302306,17,11,28
330-3302308,21,39,60
330-3302309,33,31,64
330-3302310,17,13,30
330-3302312,23,37,60
330-3302313,29,31,60
330-3302314,15,15,30
330-3302315,11,15,26
330-3302321,17,13,30
330-3302401,45,45,90
330-3302406,18,11,29
330-3302412,31,29,60
330-3302416,24,34,58
330-3302420,14,17,31
330-3302425,12,18,30
330-3302434,33,28,61
330-3302435,46,44,90
330-3302436,16,13,29
330-3302438,16,14,30
330-3302441,36,24,60
330-3302443,32,28,60
330-3302445,16,14,30
330-3302447,36,54,90
330-3302448,13,17,30
330-3302449,25,34,59
330-3302450,32,29,61
330-3302451,29,31,60
330-3302452,16,14,30
330-3302453,45,40,85
330-3302454,20,32,52
330-3302455,27,33,60
330-3302456,15,15,30
330-3302457,31,30,61
330-3302458,44,45,89
330-3302460,45,45,90
330-3302462,27,33,60
330-3302463,24,28,52
330-3302464,28,31,59
330-3302465,32,28,60
330-3302466,55,34,89
330-3302469,25,17,42
330-3302471,34,28,62
330-3302474,27,31,58
330-3302475,34,25,59
330-3302477,44,46,90
330-3302478,31,30,61
330-3302479,47,48,95
330-3302480,18,42,60
330-3302481,31,29,60
330-3302482,36,36,72
330-3302485,28,30,58
330-3302486,12,17,29
330-3303002,17,14,31
330-3303003,13,17,30
330-3303004,15,14,29
330-3303010,32,26,58
330-3303015,23,22,45
330-3303016,21,8,29
330-3303019,24,35,59
330-3303025,27,31,58
330-3303302,19,12,31
330-3303303,16,14,30
330-3303306,30,30,60
330-3303307,42,48,90
330-3303310,12,18,30
330-3303311,33,27,60
330-3303314,14,16,30
330-3303316,16,14,30
330-3303317,27,23,50
330-3303318,27,34,61
330-3303319,30,22,52
330-3303320,28,32,60
330-3303321,32,31,63
330-3303322,10,18,28
330-3303323,13,17,30
330-3303325,34,25,59
330-3303327,26,35,61
330-3303328,17,13,30
330-3303329,15,12,27
330-3303330,26,34,60
330-3303331,18,15,33
330-3303335,13,17,30
330-3303337,14,17,31
330-3303339,13,14,27
330-3303342,35,26,61
330-3303344,30,30,60
330-3303346,14,16,30
330-3303347,18,12,30
330-3303349,21,25,46
330-3303350,28,28,56
330-3303351,15,15,30
330-3303352,15,14,29
330-3303353,43,53,96
330-3303355,22,37,59
330-3303357,15,12,27
330-3303358,18,12,30
330-3303359,28,32,60
330-3303360,14,16,30
330-3303361,22,19,41
330-3303362,15,15,30
330-3303363,32,25,57
330-3303365,13,17,30
330-3303366,13,12,25
330-3303367,15,15,30
330-3303372,52,39,91
330-3303374,11,19,30
330-3303375,29,31,60
330-3303377,15,15,30
330-3303380,16,14,30
330-3303381,11,19,30
330-3303382,15,12,27
330-3303383,16,14,30
330-3303385,14,16,30
330-3303386,13,17,30
330-3303401,14,17,31
330-3303402,19,11,30
330-3303403,18,12,30
330-3303406,30,32,62
330-3303409,14,19,33
330-3303410,15,15,30
330-3303412,62,55,117
330-3303413,41,44,85
330-3303421,57,63,120
330-3303428,30,30,60
330-3303429,29,31,60
330-3303430,75,45,120
330-3303431,40,50,90
330-3303432,63,58,121
330-3303433,31,27,58
330-3303435,27,33,60
330-3303436,18,13,31
330-3304001,11,13,24
330-3304009,42,48,90
330-3304017,9,13,22
330-3304019,0,0,0
330-3304020,0,0,0
330-3304084,0,0,0
330-3304334,30,30,60
330-3305201,29,29,58
330-3305202,48,42,90
330-3305205,8,21,29
330-3305949,50,40,90
330-3306048,0,0,0
330-3306064,0,0,0
330-3306097,0,0,0
330-3306102,0,0,0
330-3306113,0,0,0
330-3306206,0,0,0
330-3307000,2,8,10
330-3307006,5,15,20
330-3307009,2,4,6
330-3307012,2,9,11
330-3307013,7,13,20
330-3307014,5,7,12
330-3307031,5,3,8
330-3307033,0,0,0
330-3307034,3,1,4
330-3307035,11,20,31
330-3307037,0,26,26
330-3307038,19,25,44
330-3307040,7,12,19
330-3307045,3,16,19
330-3307047,3,13,16
330-3307049,6,7,13
330-3307051,6,17,23
330-3307052,4,4,8
330-3307060,8,11,19
330-3307063,0,0,0
331-3311107,0,0,0
331-3312000,43,31,74
331-3312001,30,32,62
331-3312004,32,27,59
331-3312005,16,13,29
331-3312007,24,17,41
331-3312008,29,30,59
331-3312009,53,33,86
331-3312010,35,51,86
331-3312013,29,29,58
331-3312014,15,14,29
331-3312015,13,17,30
331-3312016,0,0,0
331-3312017,12,21,33
331-3312018,23,33,56
331-3312021,25,34,59
331-3312034,13,30,43
331-3312037,17,13,30
331-3312054,31,28,59
331-3312056,25,29,54
331-3312068,18,13,31
331-3312076,12,15,27
331-3312078,32,42,74
331-3312079,21,33,54
331-3312084,28,32,60
331-3312091,29,29,58
331-3312092,29,30,59
331-3312095,31,29,60
331-3312101,18,27,45
331-3312107,11,12,23
331-3312110,30,30,60
331-3312117,21,21,42
331-3312118,8,20,28
331-3312121,29,27,56
331-3312122,9,13,22
331-3312124,27,33,60
331-3312125,45,44,89
331-3312129,24,32,56
331-3312130,28,33,61
331-3312131,30,31,61
331-3312132,22,38,60
331-3312135,46,46,92
331-3312136,38,36,74
331-3312138,48,42,90
331-3312140,47,43,90
331-3312141,46,42,88
331-3312142,35,44,79
331-3312143,40,41,81
331-3312145,57,57,114
331-3312146,46,42,88
331-3312147,37,23,60
331-3312149,39,49,88
331-3312150,11,19,30
331-3312151,18,12,30
331-3312152,31,30,61
331-3312153,30,27,57
331-3312154,22,21,43
331-3312155,21,27,48
331-3312156,27,23,50
331-3312157,16,12,28
331-3312158,29,28,57
331-3313006,21,38,59
331-3313008,14,14,28
331-3313010,21,23,44
331-3313301,13,16,29
331-3313302,13,16,29
331-3313404,33,27,60
331-3313405,15,14,29
331-3313406,18,11,29
331-3313408,13,17,30
331-3313409,29,30,59
331-3313411,13,11,24
331-3313412,15,14,29
331-3313414,9,19,28
331-3313415,12,18,30
331-3313418,17,12,29
331-3313422,30,25,55
331-3313423,13,15,28
331-3313432,28,31,59
331-3313433,18,12,30
331-3313434,14,16,30
331-3313435,27,33,60
331-3313436,12,12,24
331-3313437,13,11,24
331-3313438,32,25,57
331-3314004,18,33,51
331-3316011,0,0,0
331-3316022,0,0,0
331-3317000,4,12,16
331-3317009,2,2,4
331-3317017,2,8,10
331-3317021,0,7,7
331-3317024,5,20,25
332-3321102,0,0,0
332-3321104,0,3,3
332-3322000,9,21,30
332-3322001,29,31,60
332-3322002,17,17,34
332-3322003,18,11,29
332-3322004,43,39,82
332-3322005,30,30,60
332-3322006,13,18,31
332-3322007,26,22,48
332-3322009,0,0,0
332-3322010,28,29,57
332-3322012,25,32,57
332-3322023,9,20,29
332-3322024,24,26,50
332-3322029,20,32,52
332-3322035,7,13,20
332-3322036,16,30,46
332-3322043,14,13,27
332-3322048,19,23,42
332-3322052,24,19,43
332-3322063,23,16,39
332-3322067,13,16,29
332-3322068,23,20,43
332-3322072,15,14,29
332-3322075,54,59,113
332-3322077,12,14,26
332-3322102,44,45,89
332-3322104,13,19,32
332-3322106,25,22,47
332-3322107,14,31,45
332-3322109,16,24,40
332-3322111,32,23,55
332-3322112,19,9,28
332-3322116,25,35,60
332-3322118,12,18,30
332-3322120,48,40,88
332-3322122,13,16,29
332-3322123,20,17,37
332-3322124,28,30,58
332-3322125,29,21,50
332-3322126,25,32,57
332-3322130,29,33,62
332-3322136,29,27,56
332-3322137,22,39,61
332-3322138,27,32,59
332-3322139,14,14,28
332-3322141,19,19,38
332-3322142,20,24,44
332-3322143,10,12,22
332-3322144,45,45,90
332-3322145,39,45,84
332-3322146,31,30,61
332-3322147,31,25,56
332-3322149,47,39,86
332-3322150,25,33,58
332-3322151,21,29,50
332-3322152,11,8,19
332-3322153,19,25,44
332-3322155,30,30,60
332-3322156,16,21,37
332-3322160,24,36,60
332-3323007,20,24,44
332-3323008,22,11,33
332-3323009,18,12,30
332-3323010,45,30,75
332-3323050,16,43,59
332-3323052,24,6,30
332-3323053,23,19,42
332-3323302,19,11,30
332-3323303,15,15,30
332-3323304,16,14,30
332-3323306,34,46,80
332-3323350,18,11,29
332-3323352,15,12,27
332-3323354,15,17,32
332-3323355,14,16,30
332-3323357,14,18,32
332-3323358,21,28,49
332-3325200,29,33,62
332-3327002,1,9,10
332-3327003,4,10,14
332-3327004,1,8,9
332-3327005,1,4,5
332-3327008,0,0,0
332-3327009,0,4,4
333-3331100,0,0,0
333-3331106,0,4,4
333-3332004,32,29,61
333-3332006,16,15,31
333-3332007,16,10,26
333-3332015,31,29,60
333-3332041,26,31,57
333-3332045,35,25,60
333-3332046,15,16,31
333-3332047,30,30,60
333-3332048,11,20,31
333-3332051,25,36,61
333-3332054,19,35,54
333-3332056,27,31,58
333-3332057,11,16,27
333-3332061,31,32,63
333-3332070,13,17,30
333-3332072,28,27,55
333-3332074,11,19,30
333-3332075,23,32,55
333-3332076,31,26,57
333-3332082,47,39,86
333-3332101,51,38,89
333-3332104,14,17,31
333-3332105,27,35,62
333-3332108,25,34,59
333-3332112,11,18,29
333-3332113,49,39,88
333-3332118,12,20,32
333-3332122,33,29,62
333-3332123,31,28,59
333-3332124,50,43,93
333-3332127,13,17,30
333-3332128,35,25,60
333-3332133,14,17,31
333-3332134,55,67,122
333-3332136,29,31,60
333-3332138,20,10,30
333-3332140,28,32,60
333-3332141,29,29,58
333-3332146,40,46,86
333-3332148,26,30,56
333-3332151,29,31,60
333-3332158,13,16,29
333-3332161,46,43,89
333-3332162,30,28,58
333-3332163,36,25,61
333-3332164,30,28,58
333-3332166,24,35,59
333-3332169,34,38,72
333-3332171,23,33,56
333-3332172,28,31,59
333-3332173,36,22,58
333-3332174,28,32,60
333-3332175,24,29,53
333-3332176,35,25,60
333-3332177,45,43,88
333-3332178,28,31,59
333-3332179,35,27,62
333-3332180,70,52,122
333-3332181,33,25,58
333-3332182,17,14,31
333-3332183,17,12,29
333-3332186,43,44,87
333-3332187,39,41,80
333-3332188,32,27,59
333-3332189,26,34,60
333-3333002,29,30,59
333-3333003,13,16,29
333-3333004,15,12,27
333-3333005,14,16,30
333-3333006,27,31,58
333-3333007,39,21,60
333-3333301,29,31,60
333-3333303,13,17,30
333-3333305,15,16,31
333-3333307,17,13,30
333-3333308,11,20,31
333-3333400,27,32,59
333-3333401,14,15,29
333-3333402,12,19,31
333-3333403,16,15,31
333-3333404,14,17,31
333-3333405,16,15,31
333-3333406,15,11,26
333-3333407,41,54,95
333-3333408,47,42,89
333-3333409,30,29,59
333-3337001,1,6,7
333-3337018,7,18,25
333-3337019,0,6,6
334-3341105,0,0,0
334-3342002,10,20,30
334-3342004,29,27,56
334-3342008,49,32,81
334-3342011,30,31,61
334-3342013,16,14,30
334-3342017,36,53,89
334-3342019,40,49,89
334-3342024,40,45,85
334-3342028,35,27,62
334-3342030,9,21,30
334-3342031,16,14,30
334-3342033,15,13,28
334-3342050,31,52,83
334-3342051,46,42,88
334-3342057,14,16,30
334-3342058,15,21,36
334-3342059,53,64,117
334-3342065,26,23,49
334-3342066,25,34,59
334-3342082,13,22,35
334-3342085,30,29,59
334-3342087,41,34,75
334-3342088,23,29,52
334-3342089,26,34,60
334-3342090,27,33,60
334-3342091,35,22,57
334-3342094,25,28,53
334-3342096,46,41,87
334-3342098,25,31,56
334-3343010,16,16,32
334-3343011,30,24,54
334-3343012,25,35,60
334-3343300,16,14,30
334-3343305,32,38,70
334-3343310,17,13,30
334-3343311,12,16,28
334-3343312,9,11,20
334-3343313,15,14,29
334-3343314,16,16,32
334-3343500,32,29,61
334-3343501,13,17,30
334-3343502,14,16,30
334-3343503,19,9,28
334-3343504,22,17,39
334-3343510,13,15,28
334-3343511,35,25,60
334-3343512,24,34,58
334-3343516,17,11,28
334-3343517,38,42,80
334-3345200,25,31,56
334-3347001,3,9,12
334-3347002,3,5,8
334-3347003,1,9,10
334-3347005,2,8,10
334-3347007,2,8,10
335-3351104,0,4,4
335-3352000,42,48,90
335-3352002,34,26,60
335-3352004,22,19,41
335-3352005,19,14,33
335-3352006,15,15,30
335-3352007,25,28,53
335-3352010,27,31,58
335-3352015,27,33,60
335-3352016,25,23,48
335-3352017,15,16,31
335-3352019,20,22,42
335-3352024,7,23,30
335-3352025,24,21,45
335-3352028,42,48,90
335-3352029,26,33,59
335-3352031,36,53,89
335-3352034,16,14,30
335-3352041,14,15,29
335-3352042,26,32,58
335-3352043,42,48,90
335-3352101,29,31,60
335-3352102,23,36,59
335-3352103,28,31,59
335-3352104,25,24,49
335-3352105,18,25,43
335-3352106,21,23,44
335-3352116,33,27,60
335-3352117,16,13,29
335-3352118,25,35,60
335-3352119,17,13,30
335-3352122,44,46,90
335-3352123,34,25,59
335-3352205,14,18,32
335-3352214,15,15,30
335-3352218,19,11,30
335-3352219,13,17,30
335-3352220,17,15,32
335-3352222,15,15,30
335-3352224,33,29,62
335-3352225,16,12,28
335-3352228,15,15,30
335-3352234,45,45,90
335-3352235,35,27,62
335-3352237,21,25,46
335-3352239,13,17,30
335-3352240,31,29,60
335-3352243,14,16,30
335-3352245,35,39,74
335-3352246,42,47,89
335-3352247,18,26,44
335-3352248,14,18,32
335-3352249,31,33,64
335-3352250,33,27,60
335-3353000,17,13,30
335-3353003,12,17,29
335-3353010,16,16,32
335-3353100,22,25,47
335-3353102,24,21,45
335-3353110,22,22,44
335-3353111,21,25,46
335-3353300,45,46,91
335-3353302,21,9,30
335-3353304,14,18,32
335-3353306,13,16,29
335-3353310,14,14,28
335-3353312,21,16,37
335-3353322,13,18,31
335-3353323,16,14,30
335-3353324,12,19,31
335-3353325,8,19,27
335-3353327,15,15,30
335-3353329,27,34,61
335-3353805,23,21,44
335-3354001,36,23,59
335-3355201,56,47,103
335-3355202,19,23,42
335-3355203,36,46,82
335-3356000,0,0,0
335-3356010,0,0,0
335-3357002,0,6,6
335-3357004,2,7,9
335-3357007,2,8,10
335-3357011,1,6,7
335-3357013,0,11,11
336-3361102,0,0,0
336-3361105,0,2,2
336-3362003,17,15,32
336-3362006,29,27,56
336-3362007,17,13,30
336-3362008,21,10,31
336-3362009,25,32,57
336-3362012,15,15,30
336-3362015,32,32,64
336-3362017,15,17,32
336-3362019,26,30,56
336-3362022,26,30,56
336-3362029,17,17,34
336-3362030,17,15,32
336-3362031,16,11,27
336-3362032,33,31,64
336-3362033,26,16,42
336-3362034,35,24,59
336-3362040,46,43,89
336-3362042,30,28,58
336-3362043,17,16,33
336-3362046,33,45,78
336-3362049,31,30,61
336-3362051,16,14,30
336-3362053,18,11,29
336-3362054,40,39,79
336-3362057,27,20,47
336-3362058,18,12,30
336-3362065,15,15,30
336-3362066,25,37,62
336-3362069,30,31,61
336-3362071,19,26,45
336-3362072,38,23,61
336-3362073,13,13,26
336-3362074,17,13,30
336-3362075,30,25,55
336-3362079,48,49,97
336-3362089,15,16,31
336-3362102,24,32,56
336-3362103,29,28,57
336-3362105,31,27,58
336-3362106,30,29,59
336-3362109,41,15,56
336-3362111,22,17,39
336-3362112,37,52,89
336-3362115,30,29,59
336-3362116,20,14,34
336-3362117,26,30,56
336-3362118,26,33,59
336-3363008,25,22,47
336-3363010,13,16,29
336-3363016,15,14,29
336-3363017,11,5,16
336-3363019,30,30,60
336-3363022,18,13,31
336-3363024,23,34,57
336-3363025,27,32,59
336-3363301,26,33,59
336-3363302,11,17,28
336-3363303,24,20,44
336-3363304,27,29,56
336-3363307,10,15,25
336-3363309,12,19,31
336-3363310,14,13,27
336-3363311,10,20,30
336-3363312,12,18,30
336-3363314,15,15,30
336-3363315,16,11,27
336-3363316,13,10,23
336-3363317,45,47,92
336-3363318,13,16,29
336-3366000,43,32,75
336-3366015,0,0,0
336-3367000,1,4,5
336-3367004,2,8,10
336-3367005,6,7,13
336-3367007,2,17,19
336-3367008,2,10,12
336-3367012,1,5,6
340-3401100,0,0,0
340-3402000,8,20,28
340-3402001,16,15,31
340-3402002,20,8,28
340-3402003,23,22,45
340-3402006,17,11,28
340-3402007,13,13,26
340-3402010,31,29,60
340-3402012,24,29,53
340-3402013,34,26,60
340-3402015,23,34,57
340-3402017,16,10,26
340-3402018,12,20,32
340-3402021,24,13,37
340-3402035,7,5,12
340-3402039,32,41,73
340-3402048,10,20,30
340-3402050,19,13,32
340-3402051,16,12,28
340-3403000,18,16,34
340-3403300,16,13,29
340-3403301,13,17,30
340-3403302,24,36,60
340-3403304,10,12,22
340-3403306,10,9,19
340-3403307,13,16,29
340-3403314,13,17,30
340-3403315,10,20,30
340-3403316,26,24,50
340-3403318,22,7,29
340-3403319,17,17,34
340-3403322,16,23,39
340-3403325,8,17,25
340-3403326,17,21,38
340-3403327,11,13,24
340-3403328,14,16,30
340-3403340,18,12,30
340-3403344,10,10,20
340-3403350,14,9,23
340-3403352,12,17,29
340-3403353,16,20,36
340-3403356,21,19,40
340-3403357,15,15,30
340-3403359,59,60,119
340-3403360,21,21,42
340-3403361,16,14,30
340-3403362,12,20,32
340-3403363,20,16,36
340-3403364,36,29,65
340-3403365,17,13,30
340-3407005,0,0,0
340-3407015,1,10,11
341-3412001,11,16,27
341-3412004,30,29,59
341-3412006,30,30,60
341-3412007,27,30,57
341-3412008,24,19,43
341-3412009,41,43,84
341-3412010,31,27,58
341-3412011,24,37,61
341-3412014,15,9,24
341-3412017,48,43,91
341-3412018,30,34,64
341-3412019,44,45,89
341-3412020,0,0,0
341-3412025,58,56,114
341-3412030,15,14,29
341-3412034,40,47,87
341-3412036,42,48,90
341-3412037,44,40,84
341-3412039,20,30,50
341-3412063,26,35,61
341-3412065,17,19,36
341-3412084,20,11,31
341-3412086,14,20,34
341-3412092,24,28,52
341-3412098,14,16,30
341-3412110,30,30,60
341-3412113,27,17,44
341-3412123,15,14,29
341-3412128,15,18,33
341-3412130,16,18,34
341-3412166,17,15,32
341-3412170,14,25,39
341-3412176,21,18,39
341-3412180,43,48,91
341-3412199,16,3,19
341-3412214,16,34,50
341-3412215,15,17,32
341-3412216,23,20,43
341-3412218,10,7,17
341-3412221,30,29,59
341-3412222,27,11,38
341-3412223,28,35,63
341-3412226,12,17,29
341-3412227,16,14,30
341-3412229,27,18,45
341-3412230,31,26,57
341-3412232,11,13,24
341-3412233,23,37,60
341-3412234,28,24,52
341-3412235,24,37,61
341-3412236,24,26,50
341-3412237,25,35,60
341-3412238,17,24,41
341-3412239,17,9,26
341-3412240,31,30,61
341-3412241,24,20,44
341-3412242,30,29,59
341-3413001,10,15,25
341-3413011,14,15,29
341-3413015,11,11,22
341-3413020,16,12,28
341-3413021,28,32,60
341-3413022,23,35,58
341-3413023,35,20,55
341-3413024,23,26,49
341-3413025,15,16,31
341-3413026,8,18,26
341-3413302,17,13,30
341-3413306,15,16,31
341-3413310,20,34,54
341-3413327,22,12,34
341-3413329,33,27,60
341-3413507,19,29,48
341-3413511,16,14,30
341-3413512,13,12,25
341-3413513,22,23,45
341-3413514,15,15,30
341-3413516,33,24,57
341-3413523,17,23,40
341-3413527,12,16,28
341-3413528,12,14,26
341-3413541,31,28,59
341-3413543,36,23,59
341-3413547,26,33,59
341-3413548,21,9,30
341-3413550,13,13,26
341-3413551,14,14,28
341-3413552,49,53,102
341-3413558,13,17,30
341-3413571,28,26,54
341-3413573,14,9,23
341-3413582,19,10,29
341-3413584,62,65,127
341-3413588,17,13,30
341-3413594,18,16,34
341-3413599,10,13,23
341-3413601,16,14,30
341-3413631,16,14,30
341-3413633,13,14,27
341-3413635,25,27,52
341-3413644,15,17,32
341-3413956,24,36,60
341-3413960,13,12,25
341-3413961,26,23,49
341-3413963,29,18,47
341-3413964,16,9,25
341-3413965,26,16,42
341-3413966,10,18,28
341-3413967,34,28,62
341-3414004,19,35,54
341-3415200,34,27,61
341-3416004,0,0,0
341-3416034,0,0,0
341-3416039,0,0,0
341-3416046,0,0,0
341-3416082,0,0,0
341-3417018,0,0,0
341-3417023,0,1,1
341-3417025,0,19,19
341-3417045,1,15,16
341-3417052,0,0,0
341-3417054,5,11,16
341-3417059,0,0,0
341-3417063,8,15,23
341-3417065,0,10,10
341-3417069,0,0,0
341-3417070,1,2,3
342-3420611,0,0,0
342-3421100,0,0,0
342-3422001,29,27,56
342-3422007,15,15,30
342-3422008,15,14,29
342-3422010,41,39,80
342-3422012,10,19,29
342-3422019,32,28,60
342-3422020,15,15,30
342-3422021,14,16,30
342-3422022,17,13,30
342-3422051,36,25,61
342-3422053,15,15,30
342-3422056,33,35,68
342-3422058,17,13,30
342-3422059,14,16,30
342-3422061,18,13,31
342-3422062,26,12,38
342-3422063,14,14,28
342-3422064,14,13,27
342-3422065,34,32,66
342-3422066,24,25,49
342-3422068,14,15,29
342-3422070,24,37,61
342-3422071,30,30,60
342-3422072,20,9,29
342-3423106,29,28,57
342-3423109,14,21,35
342-3423205,28,15,43
342-3423206,22,22,44
342-3423207,29,27,56
342-3423208,23,26,49
342-3423304,12,18,30
342-3423310,16,14,30
342-3423320,13,6,19
342-3423321,19,12,31
342-3423324,25,35,60
342-3423328,16,16,32
342-3423404,15,11,26
342-3423414,29,17,46
342-3423415,16,14,30
342-3423420,12,18,30
342-3423430,18,12,30
342-3423432,12,18,30
342-3423434,16,14,30
342-3423450,17,13,30
342-3423451,9,7,16
342-3423452,33,12,45
342-3423453,38,22,60
342-3423455,25,22,47
342-3423456,17,18,35
342-3423457,13,18,31
342-3423501,15,15,30
342-3423827,15,13,28
342-3423828,16,25,41
342-3426004,0,0,0
342-3427005,0,1,1
342-3427008,3,19,22
342-3427009,0,4,4
343-3431101,0,1,1
343-3432008,11,7,18
343-3432013,8,22,30
343-3432023,16,26,42
343-3432030,35,25,60
343-3432032,63,57,120
343-3432034,54,63,117
343-3432036,25,39,64
343-3432038,31,29,60
343-3432047,16,14,30
343-3432048,26,34,60
343-3432050,31,29,60
343-3432053,6,10,16
343-3432054,23,36,59
343-3432056,48,45,93
343-3432060,21,10,31
343-3432063,11,9,20
343-3432066,24,22,46
343-3432067,26,17,43
343-3432075,25,21,46
343-3432076,16,12,28
343-3432078,15,19,34
343-3432080,14,16,30
343-3432086,14,12,26
343-3432087,16,8,24
343-3432088,19,24,43
343-3432089,7,21,28
343-3432090,14,10,24
343-3432091,19,11,30
343-3432092,22,19,41
343-3432093,28,28,56
343-3433000,17,26,43
343-3433010,11,13,24
343-3433020,21,16,37
343-3433024,28,33,61
343-3433025,20,10,30
343-3433303,18,11,29
343-3433304,16,14,30
343-3433305,14,13,27
343-3433307,14,16,30
343-3433313,27,33,60
343-3433316,18,12,30
343-3433322,12,15,27
343-3433336,19,11,30
343-3433337,43,39,82
343-3433339,24,25,49
343-3433341,13,17,30
343-3433342,9,15,24
343-3433343,14,17,31
343-3433345,15,15,30
343-3433351,17,13,30
343-3433353,33,59,92
343-3433354,7,8,15
343-3433355,22,21,43
343-3433357,16,12,28
343-3433359,19,13,32
343-3433361,27,34,61
343-3433362,21,33,54
343-3433364,14,16,30
343-3433366,5,13,18
343-3433367,18,13,31
343-3433368,28,32,60
343-3433369,12,19,31
343-3433374,28,30,58
343-3433375,17,12,29
343-3433376,11,19,30
343-3433378,27,28,55
343-3433379,7,17,24
343-3433380,15,16,31
343-3433382,14,16,30
343-3433383,14,14,28
343-3433384,23,21,44
343-3433385,19,19,38
343-3436134,0,0,0
343-3437006,2,5,7
343-3437011,0,3,3
343-3437013,2,6,8
343-3437014,0,1,1
344-3442000,24,25,49
344-3442001,18,25,43
344-3442021,19,26,45
344-3442048,26,33,59
344-3442100,38,46,84
344-3442101,24,24,48
344-3442102,47,41,88
344-3442104,65,50,115
344-3442107,7,16,23
344-3442108,4,12,16
344-3442110,28,35,63
344-3442111,34,45,79
344-3442112,15,17,32
344-3442115,6,14,20
344-3442116,10,8,18
344-3442117,19,27,46
344-3442118,25,26,51
344-3442200,27,19,46
344-3442201,7,18,25
344-3442203,42,44,86
344-3442205,20,15,35
344-3442210,26,36,62
344-3442212,17,8,25
344-3442214,17,8,25
344-3442215,18,14,32
344-3442217,23,37,60
344-3442221,16,18,34
344-3442224,16,18,34
344-3442225,25,38,63
344-3442227,13,20,33
344-3442229,21,19,40
344-3442231,22,30,52
344-3442232,31,24,55
344-3442234,29,31,60
344-3442238,15,16,31
344-3442244,24,25,49
344-3442249,14,8,22
344-3442250,18,17,35
344-3442252,12,22,34
344-3442254,5,10,15
344-3442255,31,25,56
344-3442258,33,12,45
344-3442260,28,39,67
344-3442261,17,12,29
344-3442263,9,11,20
344-3442264,10,16,26
344-3442266,24,20,44
344-3442268,17,15,32
344-3442270,39,52,91
344-3442274,16,12,28
344-3442275,30,35,65
344-3442278,31,34,65
344-3442279,12,10,22
344-3443009,43,22,65
344-3443010,21,10,31
344-3443011,12,13,25
344-3443300,15,18,33
344-3443304,17,11,28
344-3443321,26,18,44
344-3443322,11,7,18
344-3443324,9,7,16
344-3443330,23,19,42
344-3443331,26,31,57
344-3443333,13,19,32
344-3443335,31,22,53
344-3443337,26,22,48
344-3443350,17,14,31
344-3443351,13,18,31
344-3443352,21,27,48
344-3443360,25,36,61
344-3443361,21,39,60
344-3443363,14,15,29
344-3443364,37,24,61
344-3443365,21,17,38
344-3443366,16,11,27
344-3443367,24,35,59
344-3443368,11,16,27
344-3443369,12,16,28
344-3443371,14,16,30
344-3443372,14,15,29
344-3443373,30,19,49
344-3443374,22,37,59
344-3443375,12,6,18
344-3443376,16,15,31
344-3446005,0,0,0
344-3446905,56,0,56
344-3447000,3,20,23
344-3447005,2,10,12
344-3447010,1,8,9
344-3447015,0,1,1
344-3447017,7,14,21
344-3447020,3,9,12
344-3447215,0,0,0
350-3501109,0,4,4
350-3502000,32,29,61
350-3502001,17,35,52
350-3502002,24,36,60
350-3502003,17,15,32
350-3502004,18,12,30
350-3502005,19,11,30
350-3502007,11,9,20
350-3502008,34,26,60
350-3502009,0,0,0
350-3502010,31,30,61
350-3502013,25,36,61
350-3502014,27,25,52
350-3502016,29,31,60
350-3502017,13,19,32
350-3502018,36,24,60
350-3502019,20,25,45
350-3502020,28,34,62
350-3502022,26,33,59
350-3502024,12,20,32
350-3502025,30,33,63
350-3502028,28,32,60
350-3502035,23,22,45
350-3502036,25,33,58
350-3502038,31,28,59
350-3502039,17,12,29
350-3502040,17,15,32
350-3502041,14,16,30
350-3502042,15,15,30
350-3502043,9,21,30
350-3502051,25,13,38
350-3502053,21,9,30
350-3502056,33,27,60
350-3502060,8,22,30
350-3502061,18,13,31
350-3502062,20,40,60
350-3502064,29,32,61
350-3502065,26,17,43
350-3502066,32,28,60
350-3502067,20,9,29
350-3502068,13,17,30
350-3502071,19,22,41
350-3502072,10,17,27
350-3502073,15,16,31
350-3502075,14,18,32
350-3502078,16,15,31
350-3502079,5,16,21
350-3502081,34,26,60
350-3502083,14,20,34
350-3502084,14,16,30
350-3502085,24,20,44
350-3502086,15,15,30
350-3503000,25,35,60
350-3503007,29,31,60
350-3503009,13,18,31
350-3503016,15,25,40
350-3503021,25,31,56
350-3503023,11,24,35
350-3503025,27,34,61
350-3503302,39,23,62
350-3503304,29,31,60
350-3503306,17,12,29
350-3503314,26,19,45
350-3503315,17,10,27
350-3503316,12,18,30
350-3503317,33,27,60
350-3503319,15,15,30
350-3503320,19,10,29
350-3503328,13,16,29
350-3503331,17,13,30
350-3503335,13,19,32
350-3503336,11,20,31
350-3503337,18,13,31
350-3503340,18,14,32
350-3503341,20,26,46
350-3503344,29,29,58
350-3503345,15,16,31
350-3503348,17,14,31
350-3503349,18,11,29
350-3503351,14,16,30
350-3503352,27,33,60
350-3503354,17,13,30
350-3503355,11,15,26
350-3503356,15,17,32
350-3503359,28,33,61
350-3503360,16,14,30
350-3503362,16,15,31
350-3503363,14,16,30
350-3503364,12,12,24
350-3503365,11,20,31
350-3503366,13,18,31
350-3503367,16,16,32
350-3503368,37,51,88
350-3503369,19,21,40
350-3503370,32,28,60
350-3503371,26,25,51
350-3503373,21,38,59
350-3506906,35,25,60
350-3507000,2,17,19
350-3507002,4,5,9
350-3507007,2,2,4
350-3507008,5,9,14
351-3511102,0,0,0
351-3512001,27,14,41
351-3512002,19,23,42
351-3512003,20,28,48
351-3512006,20,15,35
351-3512009,12,18,30
351-3512012,16,20,36
351-3512013,15,20,35
351-3512014,23,23,46
351-3512015,27,18,45
351-3512019,14,15,29
351-3512020,18,16,34
351-3512025,16,15,31
351-3512027,30,28,58
351-3512029,17,9,26
351-3512030,13,17,30
351-3512032,14,22,36
351-3512033,33,30,63
351-3512035,21,24,45
351-3512036,13,19,32
351-3512037,34,26,60
351-3512038,29,28,57
351-3512039,25,14,39
351-3512041,14,11,25
351-3512042,25,21,46
351-3512045,15,25,40
351-3512046,14,17,31
351-3512047,21,29,50
351-3512048,17,18,35
351-3512050,12,19,31
351-3513006,13,17,30
351-3513009,18,32,50
351-3513015,13,21,34
351-3513016,20,16,36
351-3513017,12,18,30
351-3513018,16,17,33
351-3513019,5,8,13
351-3513022,16,25,41
351-3513028,25,16,41
351-3513302,9,21,30
351-3513303,13,19,32
351-3513320,15,18,33
351-3513324,13,17,30
351-3513326,21,22,43
351-3513328,12,19,31
351-3513330,11,4,15
351-3513332,6,10,16
351-3513333,22,15,37
351-3513334,16,15,31
351-3513335,12,19,31
351-3513336,26,20,46
351-3513337,28,28,56
351-3513341,22,24,46
351-3513343,9,21,30
351-3513344,10,12,22
351-3513346,15,14,29
351-3513348,12,14,26
351-3513349,16,6,22
351-3513350,28,33,61
351-3513351,16,17,33
351-3513352,20,19,39
351-3513353,35,39,74
351-3515200,5,7,12
351-3515201,53,57,110
351-3517010,0,0,0
352-3521102,2,6,8
352-3522001,14,16,30
352-3522002,51,38,89
352-3522004,49,40,89
352-3522005,33,29,62
352-3522006,27,33,60
352-3522007,13,17,30
352-3522008,25,15,40
352-3522009,28,26,54
352-3522010,28,32,60
352-3522012,54,65,119
352-3522013,40,35,75
352-3522014,12,15,27
352-3522015,44,47,91
352-3522016,20,36,56
352-3522017,31,57,88
352-3522018,30,29,59
352-3522019,22,30,52
352-3522020,46,44,90
352-3522022,14,16,30
352-3522023,13,18,31
352-3522024,28,24,52
352-3522025,32,26,58
352-3522036,18,12,30
352-3522037,12,15,27
352-3522038,15,13,28
352-3522039,35,26,61
352-3522040,30,31,61
352-3522042,0,0,0
352-3522043,19,23,42
352-3522048,28,32,60
352-3522057,41,45,86
352-3522058,42,47,89
352-3522060,24,35,59
352-3522068,44,42,86
352-3522073,26,34,60
352-3522075,26,32,58
352-3522076,17,15,32
352-3522079,31,29,60
352-3522113,30,32,62
352-3522129,38,52,90
352-3522141,34,26,60
352-3522142,44,44,88
352-3522161,28,32,60
352-3522164,20,25,45
352-3522165,31,29,60
352-3522182,40,44,84
352-3522184,48,28,76
352-3522186,13,16,29
352-3522216,31,30,61
352-3522232,21,26,47
352-3522234,25,34,59
352-3522247,16,14,30
352-3522249,25,35,60
352-3522278,26,34,60
352-3522288,17,13,30
352-3522296,37,21,58
352-3522298,38,43,81
352-3522300,16,14,30
352-3522301,25,31,56
352-3522302,35,26,61
352-3522303,20,38,58
352-3522305,32,28,60
352-3522321,14,15,29
352-3522323,34,23,57
352-3522324,30,30,60
352-3522325,19,26,45
352-3522326,27,37,64
352-3522327,28,31,59
352-3522328,44,46,90
352-3522329,37,23,60
352-3522330,38,52,90
352-3522332,45,46,91
352-3522338,23,28,51
352-3522340,24,26,50
352-3522341,30,24,54
352-3523003,13,18,31
352-3523005,15,14,29
352-3523011,16,16,32
352-3523015,29,33,62
352-3523022,35,45,80
352-3523028,27,32,59
352-3523034,11,19,30
352-3523039,19,27,46
352-3523040,48,43,91
352-3523041,31,29,60
352-3523042,15,16,31
352-3523043,28,28,56
352-3523044,35,26,61
352-3523045,31,20,51
352-3523301,16,16,32
352-3523305,13,16,29
352-3523310,36,23,59
352-3523316,14,16,30
352-3523325,15,11,26
352-3523402,34,22,56
352-3523408,12,13,25
352-3523415,10,16,26
352-3523418,15,15,30
352-3523422,38,22,60
352-3523424,42,37,79
352-3523429,14,16,30
352-3523432,27,31,58
352-3523434,14,15,29
352-3523439,13,33,46
352-3523440,18,12,30
352-3523445,16,15,31
352-3523446,12,19,31
352-3523448,22,22,44
352-3523452,18,10,28
352-3523455,22,23,45
352-3523457,17,28,45
352-3523460,12,17,29
352-3523464,17,12,29
352-3523465,17,11,28
352-3523469,9,18,27
352-3523472,12,18,30
352-3523473,19,23,42
352-3523474,18,12,30
352-3523475,14,15,29
352-3523482,28,32,60
352-3523484,14,17,31
352-3523489,27,28,55
352-3523490,19,11,30
352-3523491,14,14,28
352-3523494,13,16,29
352-3523500,20,17,37
352-3523501,28,31,59
352-3523503,31,29,60
352-3523504,14,16,30
352-3523505,22,7,29
352-3523506,21,39,60
352-3523507,22,35,57
352-3523508,28,22,50
352-3524271,28,33,61
352-3525200,29,28,57
352-3526041,0,0,0
352-3526907,31,29,60
352-3527007,0,0,0
352-3527014,0,0,0
352-3527023,7,17,24
352-3527029,3,5,8
352-3527041,5,24,29
352-3527042,0,0,0
352-3527055,5,24,29
352-3527056,0,0,0
352-3527749,6,14,20
353-3531100,0,0,0
353-3531101,4,12,16
353-3532000,41,48,89
353-3532002,15,14,29
353-3532003,21,10,31
353-3532007,29,37,66
353-3532008,28,31,59
353-3532009,34,36,70
353-3532010,17,13,30
353-3532013,23,21,44
353-3532014,20,10,30
353-3532016,31,29,60
353-3532017,24,15,39
353-3532018,34,27,61
353-3532020,15,14,29
353-3532022,15,15,30
353-3532023,12,17,29
353-3532033,25,21,46
353-3532034,15,15,30
353-3532044,20,25,45
353-3532052,33,29,62
353-3532054,13,17,30
353-3532058,17,12,29
353-3532062,26,33,59
353-3532064,16,15,31
353-3532065,13,17,30
353-3532069,21,11,32
353-3532071,13,8,21
353-3532075,14,14,28
353-3532076,9,6,15
353-3532077,19,12,31
353-3532079,21,8,29
353-3532080,49,41,90
353-3532085,15,14,29
353-3532091,15,14,29
353-3532093,17,13,30
353-3532095,24,25,49
353-3532097,30,35,65
353-3532098,13,19,32
353-3532099,29,31,60
353-3532109,24,32,56
353-3532110,15,16,31
353-3532111,22,23,45
353-3532112,32,28,60
353-3532113,46,44,90
353-3533005,9,10,19
353-3533007,19,12,31
353-3533008,24,16,40
353-3533009,22,8,30
353-3533010,10,20,30
353-3533011,9,4,13
353-3533012,19,20,39
353-3533303,18,14,32
353-3533315,32,29,61
353-3533325,18,10,28
353-3533326,9,6,15
353-3533328,15,14,29
353-3533329,27,30,57
353-3533330,17,19,36
353-3533333,20,20,40
353-3533341,16,24,40
353-3533342,18,14,32
353-3533344,26,34,60
353-3533345,15,17,32
353-3533346,20,11,31
353-3533347,18,22,40
353-3533351,13,16,29
353-3533353,12,26,38
353-3533355,18,12,30
353-3533358,20,22,42
353-3533359,14,16,30
353-3533362,19,16,35
353-3533363,37,26,63
353-3533364,22,20,42
353-3533366,15,15,30
353-3533393,31,28,59
353-3533400,7,21,28
353-3533401,10,20,30
353-3533402,14,16,30
353-3533403,29,31,60
353-3533503,21,14,35
353-3533504,34,26,60
353-3533506,42,49,91
353-3533507,19,25,44
353-3533508,37,31,68
353-3533509,26,34,60
353-3536017,0,0,0
353-3537012,1,7,8
353-3537013,8,21,29
354-3541100,1,1,2
354-3542000,17,13,30
354-3542001,35,24,59
354-3542002,19,23,42
354-3542003,30,30,60
354-3542005,30,31,61
354-3542006,36,25,61
354-3542007,21,24,45
354-3542009,44,46,90
354-3542010,15,15,30
354-3542015,31,29,60
354-3542018,35,24,59
354-3542021,32,27,59
354-3542024,49,42,91
354-3542025,25,36,61
354-3542027,14,15,29
354-3542028,26,21,47
354-3542029,28,30,58
354-3542032,13,16,29
354-3542036,28,30,58
354-3542039,32,28,60
354-3542041,12,17,29
354-3542043,12,19,31
354-3542044,22,18,40
354-3542047,26,32,58
354-3542048,16,12,28
354-3542061,24,25,49
354-3542062,11,15,26
354-3542063,21,23,44
354-3542064,15,15,30
354-3542065,25,19,44
354-3543002,24,25,49
354-3543003,31,28,59
354-3543004,15,14,29
354-3543006,14,17,31
354-3543007,4,8,12
354-3543009,32,14,46
354-3543011,11,19,30
354-3543013,12,9,21
354-3543014,18,12,30
354-3543016,14,15,29
354-3543305,10,20,30
354-3543306,18,17,35
354-3543307,15,15,30
354-3543310,12,19,31
354-3543311,11,19,30
354-3543312,40,24,64
354-3543314,12,16,28
354-3543319,25,20,45
354-3543321,22,38,60
354-3543322,14,16,30
354-3543323,17,13,30
354-3543325,14,9,23
354-3543500,13,19,32
354-3543501,15,15,30
354-3543503,20,25,45
354-3543505,14,16,30
354-3543506,17,13,30
354-3543507,16,14,30
354-3543508,26,31,57
354-3543510,22,23,45
354-3543511,42,44,86
354-3543512,38,38,76
354-3543513,39,51,90
354-3545200,22,22,44
354-3545201,36,24,60
354-3545202,14,16,30
354-3545203,17,15,32
354-3545204,13,17,30
354-3545205,25,20,45
354-3547006,0,1,1
354-3547013,5,10,15
354-3547014,7,14,21
355-3550611,0,0,0
355-3551103,0,1,1
355-3552000,16,14,30
355-3552001,32,30,62
355-3552004,18,9,27
355-3552007,36,51,87
355-3552011,18,19,37
355-3552026,17,12,29
355-3552036,11,12,23
355-3552040,21,18,39
355-3552041,32,39,71
355-3552042,32,26,58
355-3552043,12,18,30
355-3552051,20,11,31
355-3552052,19,25,44
355-3552057,13,30,43
355-3552059,20,38,58
355-3552061,29,33,62
355-3552062,16,24,40
355-3552063,14,16,30
355-3552065,19,25,44
355-3552070,39,41,80
355-3552072,22,32,54
355-3552073,33,25,58
355-3552074,26,33,59
355-3552075,13,14,27
355-3552076,7,10,17
355-3552081,14,11,25
355-3552082,19,11,30
355-3552085,13,13,26
355-3552088,11,13,24
355-3552090,33,27,60
355-3552091,16,14,30
355-3552092,32,28,60
355-3552095,26,31,57
355-3552096,24,31,55
355-3552097,10,20,30
355-3552098,36,36,72
355-3553006,14,14,28
355-3553008,27,26,53
355-3553017,17,27,44
355-3553025,12,18,30
355-3553030,26,34,60
355-3553031,12,12,24
355-3553033,13,14,27
355-3553034,12,14,26
355-3553037,12,15,27
355-3553039,20,10,30
355-3553040,14,15,29
355-3553041,12,18,30
355-3553042,16,24,40
355-3553043,11,19,30
355-3553302,12,18,30
355-3553317,14,12,26
355-3553504,16,14,30
355-3553506,21,20,41
355-3553511,17,10,27
355-3553512,27,32,59
355-3553513,14,16,30
355-3553514,12,16,28
355-3553515,16,14,30
355-3553516,15,15,30
355-3553518,16,13,29
355-3553519,13,17,30
355-3553520,15,15,30
355-3553521,9,21,30
355-3553525,19,12,31
355-3553602,15,14,29
355-3553609,16,14,30
355-3553612,10,16,26
355-3553615,12,13,25
355-3553618,25,34,59
355-3553622,25,22,47
355-3553625,34,27,61
355-3553802,37,28,65
355-3553803,27,25,52
355-3553806,28,23,51
355-3556006,0,0,0
355-3556027,0,0,0
355-3556039,0,0,0
355-3557025,0,0,0
355-3557027,0,1,1
355-3557029,8,18,26
356-3561103,0,0,0
356-3562000,18,18,36
356-3562006,41,48,89
356-3562007,9,21,30
356-3562010,18,11,29
356-3562011,26,28,54
356-3562012,12,11,23
356-3562015,36,38,74
356-3562017,12,13,25
356-3562021,19,21,40
356-3562027,10,25,35
356-3562030,26,33,59
356-3562032,14,16,30
356-3562035,33,27,60
356-3562038,39,45,84
356-3562039,22,11,33
356-3562044,13,10,23
356-3562047,44,46,90
356-3562048,10,14,24
356-3562049,17,13,30
356-3562052,9,10,19
356-3562053,30,18,48
356-3562057,12,17,29
356-3562058,12,17,29
356-3562064,33,35,68
356-3562066,31,29,60
356-3562067,36,24,60
356-3562079,14,16,30
356-3562080,19,14,33
356-3562081,33,30,63
356-3562082,20,21,41
356-3562083,31,29,60
356-3562084,34,42,76
356-3562087,13,17,30
356-3562088,16,15,31
356-3562089,11,19,30
356-3562090,21,15,36
356-3562091,21,22,43
356-3562092,15,11,26
356-3562103,30,30,60
356-3562104,10,21,31
356-3562105,19,12,31
356-3562107,9,17,26
356-3562108,15,15,30
356-3562111,15,16,31
356-3562112,29,31,60
356-3562113,23,22,45
356-3562114,28,24,52
356-3562116,30,31,61
356-3562119,42,32,74
356-3562120,24,16,40
356-3562284,30,28,58
356-3563000,15,16,31
356-3563001,11,18,29
356-3563002,18,23,41
356-3563005,13,17,30
356-3563006,10,19,29
356-3563008,14,20,34
356-3563009,11,20,31
356-3563010,20,10,30
356-3563501,44,46,90
356-3563505,21,19,40
356-3563506,14,17,31
356-3563507,15,13,28
356-3563509,15,15,30
356-3563510,11,21,32
356-3563515,17,10,27
356-3563516,12,19,31
356-3563517,10,9,19
356-3563518,17,14,31
356-3563519,16,13,29
356-3563520,13,18,31
356-3563521,33,34,67
356-3563522,30,29,59
356-3563524,32,28,60
356-3563525,26,35,61
356-3563526,30,32,62
356-3563528,33,32,65
356-3563529,33,36,69
356-3563530,29,36,65
356-3566030,0,0,0
356-3567103,0,5,5
356-3567502,1,2,3
356-3567504,0,3,3
356-3567506,5,9,14
356-3567510,0,6,6
357-3571103,0,2,2
357-3572000,34,20,54
357-3572001,21,23,44
357-3572004,9,14,23
357-3572005,17,11,28
357-3572006,26,29,55
357-3572008,51,35,86
357-3572009,0,0,0
357-3572010,0,0,0
357-3572011,15,13,28
357-3572014,16,14,30
357-3572015,13,24,37
357-3572018,25,29,54
357-3572019,25,33,58
357-3572020,11,15,26
357-3572021,19,24,43
357-3572024,28,20,48
357-3572025,11,20,31
357-3572026,14,9,23
357-3572027,18,11,29
357-3572032,13,16,29
357-3572033,35,25,60
357-3572034,30,30,60
357-3572037,23,35,58
357-3572038,23,30,53
357-3572039,16,13,29
357-3572040,31,29,60
357-3572042,27,33,60
357-3572045,23,32,55
357-3572046,32,27,59
357-3572049,37,22,59
357-3572051,13,7,20
357-3572053,29,28,57
357-3572055,23,22,45
357-3572056,10,20,30
357-3572058,26,27,53
357-3572061,30,29,59
357-3572063,13,18,31
357-3572064,22,10,32
357-3572066,29,30,59
357-3572068,33,26,59
357-3572069,26,32,58
357-3572077,36,26,62
357-3572078,19,25,44
357-3572079,18,11,29
357-3572080,34,26,60
357-3572081,25,34,59
357-3573000,11,19,30
357-3573001,5,8,13
357-3573003,17,14,31
357-3573019,16,14,30
357-3573020,13,17,30
357-3573022,13,16,29
357-3573026,14,16,30
357-3573027,13,11,24
357-3573301,17,14,31
357-3573303,14,6,20
357-3573304,16,15,31
357-3573305,12,14,26
357-3573308,17,15,32
357-3573309,12,19,31
357-3573310,17,11,28
357-3573311,13,15,28
357-3573312,14,18,32
357-3573313,19,10,29
357-3573314,13,15,28
357-3573316,18,12,30
357-3573317,13,10,23
357-3573319,28,29,57
357-3573322,14,14,28
357-3573323,28,31,59
357-3573324,14,13,27
357-3573325,15,17,32
357-3573326,17,17,34
357-3573327,15,14,29
357-3573331,11,17,28
357-3577001,1,11,12
357-3577002,0,2,2
357-3577009,2,14,16
358-3581103,0,0,0
358-3582000,32,28,60
358-3582001,21,15,36
358-3582002,18,14,32
358-3582003,31,39,70
358-3582005,13,17,30
358-3582006,47,45,92
358-3582007,28,28,56
358-3582008,26,33,59
358-3582009,9,21,30
358-3582011,14,18,32
358-3582012,15,16,31
358-3582013,12,17,29
358-3582014,32,25,57
358-3582015,21,24,45
358-3582018,23,24,47
358-3582019,41,48,89
358-3582021,35,31,66
358-3582022,20,25,45
358-3582023,40,30,70
358-3582024,24,35,59
358-3582025,25,30,55
358-3582026,34,29,63
358-3582028,29,30,59
358-3582033,33,26,59
358-3582041,28,41,69
358-3582042,33,37,70
358-3582044,29,33,62
358-3582046,9,11,20
358-3582047,30,27,57
358-3582049,40,47,87
358-3582050,31,32,63
358-3582052,53,30,83
358-3582056,30,30,60
358-3582058,18,21,39
358-3582061,17,14,31
358-3582063,14,16,30
358-3582071,27,33,60
358-3582076,26,32,58
358-3582077,33,26,59
358-3583005,10,18,28
358-3583301,25,37,62
358-3583304,49,46,95
358-3583305,22,26,48
358-3583307,18,16,34
358-3583308,18,17,35
358-3583309,12,18,30
358-3583310,14,10,24
358-3583311,18,13,31
358-3583312,29,31,60
358-3583313,13,15,28
358-3583314,13,18,31
358-3583316,24,18,42
358-3583318,14,14,28
358-3583319,27,18,45
358-3583324,16,15,31
358-3583325,22,23,45
358-3583327,16,14,30
358-3583330,17,12,29
358-3583331,13,16,29
358-3583332,43,49,92
358-3586018,0,0,0
358-3587000,3,7,10
358-3587002,1,6,7
358-3587003,0,9,9
358-3587005,3,4,7
358-3587503,2,10,12
359-3591108,0,1,1
359-3592000,13,15,28
359-3592005,25,29,54
359-3592006,12,19,31
359-3592007,21,10,31
359-3592009,17,12,29
359-3592010,12,18,30
359-3592013,17,49,66
359-3592015,22,24,46
359-3592017,25,36,61
359-3592023,13,18,31
359-3592026,35,27,62
359-3592027,0,0,0
359-3592030,16,14,30
359-3592031,19,10,29
359-3592032,30,29,59
359-3592033,11,18,29
359-3592034,16,13,29
359-3592036,19,26,45
359-3592037,21,21,42
359-3592039,16,14,30
359-3592040,12,19,31
359-3592043,33,28,61
359-3592045,12,13,25
359-3592046,19,26,45
359-3592047,25,34,59
359-3592049,34,26,60
359-3592050,12,5,17
359-3592051,28,30,58
359-3592053,16,14,30
359-3592058,31,29,60
359-3592062,17,13,30
359-3592064,48,39,87
359-3593007,15,13,28
359-3593010,18,12,30
359-3593015,12,15,27
359-3593022,11,10,21
359-3593023,13,15,28
359-3593025,15,15,30
359-3593027,19,10,29
359-3593029,38,39,77
359-3593030,34,23,57
359-3593300,17,12,29
359-3593306,29,29,58
359-3593308,6,25,31
359-3593315,17,13,30
359-3593326,13,17,30
359-3593329,22,22,44
359-3593331,31,28,59
359-3593336,20,25,45
359-3593338,16,11,27
359-3593350,16,13,29
359-3593357,42,41,83
359-3593358,8,6,14
359-3593360,16,21,37
359-3593361,10,11,21
359-3593362,10,20,30
359-3593363,16,14,30
359-3593364,16,13,29
359-3593366,27,22,49
359-3593367,25,34,59
359-3593370,16,14,30
359-3593373,14,17,31
359-3593374,14,16,30
359-3593376,11,9,20
359-3593377,13,17,30
359-3593378,16,14,30
359-3593379,15,15,30
359-3593382,26,24,50
359-3593383,6,14,20
359-3593386,14,13,27
359-3593387,9,11,20
359-3593388,23,38,61
359-3593389,16,16,32
359-3593390,14,15,29
359-3593393,12,18,30
359-3593394,13,15,28
359-3593396,12,7,19
359-3593397,10,12,22
359-3593400,14,16,30
359-3593403,23,22,45
359-3593405,13,17,30
359-3593406,11,18,29
359-3593407,12,17,29
359-3593411,30,14,44
359-3593412,13,18,31
359-3593413,18,12,30
359-3593414,17,13,30
359-3593415,14,16,30
359-3593419,14,16,30
359-3593423,31,30,61
359-3593424,19,12,31
359-3593425,22,23,45
359-3593426,14,9,23
359-3593427,13,12,25
359-3593429,25,19,44
359-3593431,12,17,29
359-3593432,10,20,30
359-3593433,29,23,52
359-3593434,15,22,37
359-3593436,29,31,60
359-3593437,31,28,59
359-3593438,19,29,48
359-3597001,0,6,6
359-3597002,6,7,13
359-3597018,0,10,10
359-3597020,2,17,19
370-3701101,0,2,2
370-3702000,28,32,60
370-3702001,12,14,26
370-3702003,33,25,58
370-3702009,20,21,41
370-3702010,16,17,33
370-3702015,11,15,26
370-3702016,15,9,24
370-3702022,14,18,32
370-3702023,12,20,32
370-3702024,24,33,57
370-3702026,27,22,49
370-3702036,13,17,30
370-3702038,7,9,16
370-3702039,11,9,20
370-3702040,18,17,35
370-3702041,26,23,49
370-3702043,13,19,32
370-3702044,34,25,59
370-3702049,9,17,26
370-3702050,21,15,36
370-3702051,20,20,40
370-3702052,27,19,46
370-3702053,14,23,37
370-3702056,18,32,50
370-3702057,19,10,29
370-3702059,15,25,40
370-3702061,22,18,40
370-3702066,9,4,13
370-3702068,17,18,35
370-3702075,9,10,19
370-3702076,11,11,22
370-3702077,11,11,22
370-3702078,15,13,28
370-3702079,12,15,27
370-3702082,11,12,23
370-3702085,16,15,31
370-3702088,15,17,32
370-3702089,15,12,27
370-3702098,20,22,42
370-3702099,15,10,25
370-3702100,18,25,43
370-3702101,17,23,40
370-3702107,18,14,32
370-3702109,17,13,30
370-3702120,11,18,29
370-3702121,16,17,33
370-3702122,15,15,30
370-3702123,24,31,55
370-3702124,9,14,23
370-3702125,13,17,30
370-3702126,18,31,49
370-3702129,11,18,29
370-3702130,12,17,29
370-3702132,22,19,41
370-3702133,24,16,40
370-3702134,20,28,48
370-3702135,10,16,26
370-3702136,27,23,50
370-3702138,25,16,41
370-3702140,19,20,39
370-3702141,21,19,40
370-3702142,23,22,45
370-3702143,21,18,39
370-3702145,13,18,31
370-3703004,14,16,30
370-3703007,10,12,22
370-3703011,10,19,29
370-3703302,23,9,32
370-3703304,10,17,27
370-3703312,18,17,35
370-3703313,16,13,29
370-3703314,17,13,30
370-3703317,9,11,20
370-3703318,5,10,15
370-3703320,11,9,20
370-3703323,26,33,59
370-3703324,25,30,55
370-3703326,31,26,57
370-3707009,5,16,21
370-3707010,1,7,8
371-3711103,0,4,4
371-3711110,0,0,0
371-3711111,0,0,0
371-3712001,16,13,29
371-3712002,16,10,26
371-3712003,26,20,46
371-3712004,33,47,80
371-3712005,30,44,74
371-3712006,16,25,41
371-3712007,14,11,25
371-3712008,5,3,8
371-3712009,12,15,27
371-3712010,15,14,29
371-3712011,17,14,31
371-3712012,9,14,23
371-3712013,14,11,25
371-3712014,0,0,0
371-3712028,21,31,52
371-3712032,19,41,60
371-3712052,9,6,15
371-3712054,23,29,52
371-3712057,37,37,74
371-3712063,7,5,12
371-3712067,12,12,24
371-3712076,29,24,53
371-3712080,12,9,21
371-3712083,20,19,39
371-3712088,23,30,53
371-3712091,48,49,97
371-3712101,6,13,19
371-3712102,28,21,49
371-3712104,16,22,38
371-3712106,9,19,28
371-3712117,22,15,37
371-3712127,15,12,27
371-3712128,53,37,90
371-3712143,10,20,30
371-3712144,8,9,17
371-3712147,17,18,35
371-3712148,14,13,27
371-3712157,28,16,44
371-3712159,8,21,29
371-3712161,19,14,33
371-3712163,20,20,40
371-3712164,35,25,60
371-3712165,33,27,60
371-3712166,24,26,50
371-3712167,32,26,58
371-3712168,22,38,60
371-3712169,25,27,52
371-3712170,23,26,49
371-3712175,22,16,38
371-3712177,27,34,61
371-3712178,25,13,38
371-3712179,17,18,35
371-3712183,26,31,57
371-3712184,22,11,33
371-3712185,19,18,37
371-3712186,15,13,28
371-3712188,23,27,50
371-3712190,12,24,36
371-3712191,29,25,54
371-3712192,31,31,62
371-3712194,28,16,44
371-3712195,33,27,60
371-3712196,12,26,38
371-3712198,26,34,60
371-3712199,20,34,54
371-3712201,27,32,59
371-3712203,42,44,86
371-3712205,21,27,48
371-3712207,23,31,54
371-3712208,25,22,47
371-3712209,20,24,44
371-3712210,30,26,56
371-3713007,16,14,30
371-3713300,15,14,29
371-3713301,17,14,31
371-3713302,9,16,25
371-3713307,9,4,13
371-3713308,13,9,22
371-3713311,20,23,43
371-3713312,9,21,30
371-3713313,15,17,32
371-3713314,14,4,18
371-3713315,13,2,15
371-3713316,10,10,20
371-3713317,18,11,29
371-3713318,7,10,17
371-3713323,14,12,26
371-3713324,28,32,60
371-3713325,31,32,63
371-3713326,33,27,60
371-3717000,1,2,3
371-3717002,0,1,1
371-3717012,3,6,9
371-3717014,2,8,10
371-3717015,3,2,5
371-3717016,1,6,7
372-3721107,0,1,1
372-3721112,1,1,2
372-3722000,19,41,60
372-3722001,15,12,27
372-3722002,21,28,49
372-3722004,43,40,83
372-3722005,22,23,45
372-3722006,31,26,57
372-3722011,6,16,22
372-3722012,21,13,34
372-3722013,15,14,29
372-3722014,10,19,29
372-3722016,33,27,60
372-3722017,39,48,87
372-3722018,24,23,47
372-3722021,31,27,58
372-3722022,9,18,27
372-3722023,13,20,33
372-3722024,23,37,60
372-3722026,0,0,0
372-3722028,15,11,26
372-3722029,20,18,38
372-3722030,30,26,56
372-3722032,35,39,74
372-3722036,15,17,32
372-3722037,49,38,87
372-3722038,16,23,39
372-3722050,14,18,32
372-3722051,21,8,29
372-3722052,55,36,91
372-3722054,31,40,71
372-3722058,13,19,32
372-3722060,20,15,35
372-3722061,12,16,28
372-3722063,31,27,58
372-3722066,15,11,26
372-3722067,12,17,29
372-3722070,37,22,59
372-3722074,10,17,27
372-3722075,18,28,46
372-3722079,9,15,24
372-3722081,19,12,31
372-3722083,26,26,52
372-3722085,16,18,34
372-3722087,14,13,27
372-3722093,13,16,29
372-3722095,33,38,71
372-3722099,27,33,60
372-3722100,10,15,25
372-3722105,23,21,44
372-3722106,17,12,29
372-3722108,18,18,36
372-3722110,16,14,30
372-3722111,13,16,29
372-3722112,8,13,21
372-3722116,15,14,29
372-3722120,5,13,18
372-3722121,19,9,28
372-3722122,10,14,24
372-3722124,7,23,30
372-3722130,8,25,33
372-3722132,22,25,47
372-3722133,25,20,45
372-3722134,16,8,24
372-3722135,19,13,32
372-3722137,34,24,58
372-3722139,13,10,23
372-3722140,7,13,20
372-3723001,18,11,29
372-3723003,11,5,16
372-3723322,18,12,30
372-3723327,19,11,30
372-3723328,8,8,16
372-3723329,10,6,16
372-3723331,47,36,83
372-3723332,19,11,30
372-3723333,13,17,30
372-3723334,11,9,20
372-3723335,9,13,22
372-3723336,11,12,23
372-3723337,17,13,30
372-3723338,14,11,25
372-3723339,14,13,27
372-3723340,22,21,43
372-3723341,29,19,48
372-3723342,22,24,46
372-3724020,8,10,18
372-3726003,0,0,0
372-3727000,0,2,2
372-3727002,5,5,10
372-3727003,2,3,5
372-3727006,3,9,12
372-3727009,2,3,5
372-3727011,0,4,4
373-3730611,0,0,0
373-3731100,0,6,6
373-3732000,30,23,53
373-3732001,43,40,83
373-3732002,29,25,54
373-3732009,44,43,87
373-3732010,20,23,43
373-3732012,29,29,58
373-3732013,27,30,57
373-3732016,50,32,82
373-3732017,21,10,31
373-3732018,12,17,29
373-3732019,6,10,16
373-3732020,10,12,22
373-3732023,22,22,44
373-3732024,25,25,50
373-3732026,27,32,59
373-3732028,23,22,45
373-3732029,20,26,46
373-3732034,28,32,60
373-3732036,29,27,56
373-3732040,25,35,60
373-3732042,45,44,89
373-3732043,12,14,26
373-3732045,25,16,41
373-3732046,43,45,88
373-3732048,17,26,43
373-3732049,29,28,57
373-3732050,45,45,90
373-3732058,40,47,87
373-3732063,30,31,61
373-3732070,32,17,49
373-3732071,63,56,119
373-3732079,41,31,72
373-3732080,18,40,58
373-3732081,15,15,30
373-3732087,43,54,97
373-3732092,26,30,56
373-3732093,46,44,90
373-3732095,32,26,58
373-3732139,21,21,42
373-3732203,12,20,32
373-3732230,41,33,74
373-3732233,25,33,58
373-3732239,39,51,90
373-3732246,40,46,86
373-3732257,28,32,60
373-3732261,23,39,62
373-3732272,17,13,30
373-3732274,47,43,90
373-3732279,30,19,49
373-3732281,32,29,61
373-3732292,14,16,30
373-3732296,22,27,49
373-3732297,21,9,30
373-3732298,19,43,62
373-3732303,42,51,93
373-3732305,14,15,29
373-3732309,35,29,64
373-3732311,13,11,24
373-3732312,16,15,31
373-3732313,29,29,58
373-3732321,27,33,60
373-3732322,24,27,51
373-3732323,29,29,58
373-3732324,18,29,47
373-3732325,32,27,59
373-3732327,31,29,60
373-3732328,3,9,12
373-3732329,19,9,28
373-3732332,26,33,59
373-3732334,16,21,37
373-3732337,31,29,60
373-3732338,24,26,50
373-3732339,26,28,54
373-3732340,41,44,85
373-3732341,30,40,70
373-3732342,15,18,33
373-3732343,23,20,43
373-3732344,43,37,80
373-3732346,30,30,60
373-3732347,31,21,52
373-3732349,26,26,52
373-3732350,24,36,60
373-3732351,13,19,32
373-3732352,40,46,86
373-3732353,41,48,89
373-3732354,33,26,59
373-3732356,51,39,90
373-3732357,45,44,89
373-3732358,41,33,74
373-3732359,23,16,39
373-3732360,5,5,10
373-3732361,24,33,57
373-3732363,26,25,51
373-3732364,36,40,76
373-3732366,28,30,58
373-3732369,36,22,58
373-3733008,38,52,90
373-3733010,11,19,30
373-3733401,17,13,30
373-3733402,32,28,60
373-3733406,12,18,30
373-3733412,23,17,40
373-3733414,16,16,32
373-3733422,20,17,37
373-3733423,15,15,30
373-3733424,22,8,30
373-3733427,16,14,30
373-3733428,16,14,30
373-3733429,24,35,59
373-3733432,23,36,59
373-3733433,30,24,54
373-3734005,7,12,19
373-3734225,28,34,62
373-3735202,7,3,10
373-3735203,9,17,26
373-3735206,11,19,30
373-3735207,22,18,40
373-3735208,18,12,30
373-3736017,0,0,0
373-3737013,2,17,19
373-3737023,8,10,18
373-3737026,8,12,20
373-3737036,4,12,16
373-3737038,0,0,0
373-3737040,0,1,1
373-3737041,0,2,2
373-3737044,0,2,2
380-3801103,2,6,8
380-3801105,0,0,0
380-3801106,0,0,0
380-3802000,19,26,45
380-3802001,34,24,58
380-3802002,38,19,57
380-3802003,18,17,35
380-3802007,28,31,59
380-3802008,30,30,60
380-3802010,25,23,48
380-3802012,41,45,86
380-3802013,15,14,29
380-3802014,23,26,49
380-3802015,19,13,32
380-3802018,34,26,60
380-3802020,30,28,58
380-3802022,14,14,28
380-3802023,27,29,56
380-3802024,42,47,89
380-3802025,20,39,59
380-3802026,28,28,56
380-3802027,32,29,61
380-3802028,48,41,89
380-3802029,43,46,89
380-3802030,14,11,25
380-3802031,13,16,29
380-3802032,24,22,46
380-3802033,10,20,30
380-3802034,45,47,92
380-3802035,25,28,53
380-3802036,39,49,88
380-3802037,26,34,60
380-3802038,44,46,90
380-3802039,0,0,0
380-3802041,39,54,93
380-3802043,37,39,76
380-3802044,25,35,60
380-3802048,29,33,62
380-3802054,30,30,60
380-3802055,19,19,38
380-3802057,32,31,63
380-3802058,27,33,60
380-3802060,42,47,89
380-3802061,36,48,84
380-3802062,29,30,59
380-3802064,15,15,30
380-3802065,26,29,55
380-3802071,35,28,63
380-3802074,39,51,90
380-3802075,43,43,86
380-3802077,10,10,20
380-3802081,5,11,16
380-3802084,26,30,56
380-3802086,37,49,86
380-3802087,23,31,54
380-3802090,27,29,56
380-3802093,36,24,60
380-3802094,29,35,64
380-3802100,12,11,23
380-3802101,16,18,34
380-3802102,31,29,60
380-3802103,14,16,30
380-3802107,28,32,60
380-3802110,25,34,59
380-3802111,25,36,61
380-3802112,12,20,32
380-3802113,37,24,61
380-3802114,18,13,31
380-3802115,19,13,32
380-3802117,19,36,55
380-3802120,26,32,58
380-3802121,14,18,32
380-3802123,24,32,56
380-3802124,25,23,48
380-3802126,3,9,12
380-3802127,12,17,29
380-3802128,27,26,53
380-3802130,1,6,7
380-3802132,15,16,31
380-3802134,5,5,10
380-3802135,20,24,44
380-3802140,28,32,60
380-3802145,30,28,58
380-3802146,34,33,67
380-3802147,11,17,28
380-3802148,20,26,46
380-3802150,33,33,66
380-3802157,6,14,20
380-3802166,14,16,30
380-3802167,9,21,30
380-3802168,19,18,37
380-3802170,29,25,54
380-3802173,15,17,32
380-3802174,33,25,58
380-3802178,26,37,63
380-3802179,44,44,88
380-3802180,29,33,62
380-3802182,32,30,62
380-3802183,27,32,59
380-3802184,17,14,31
380-3802185,22,37,59
380-3802186,30,31,61
380-3802192,23,33,56
380-3802193,34,27,61
380-3802195,48,41,89
380-3802197,21,36,57
380-3802198,31,27,58
380-3802199,33,27,60
380-3802200,16,15,31
380-3802203,31,34,65
380-3803000,46,42,88
380-3803013,31,30,61
380-3803021,15,15,30
380-3803023,29,28,57
380-3803026,22,25,47
380-3803028,14,15,29
380-3803031,18,14,32
380-3803035,9,7,16
380-3803036,22,31,53
380-3803301,14,14,28
380-3803304,14,17,31
380-3803308,24,35,59
380-3803313,28,31,59
380-3803333,17,15,32
380-3803334,18,10,28
380-3803335,22,35,57
380-3803338,27,20,47
380-3803347,14,16,30
380-3803349,11,14,25
380-3803350,28,33,61
380-3803351,14,16,30
380-3803352,16,14,30
380-3803353,9,15,24
380-3803354,10,19,29
380-3803355,18,11,29
380-3803360,21,35,56
380-3803362,31,20,51
380-3803363,27,33,60
380-3803365,29,30,59
380-3803366,17,14,31
380-3803367,18,12,30
380-3803368,15,17,32
380-3803369,21,11,32
380-3803370,20,11,31
380-3803371,12,18,30
380-3803372,20,11,31
380-3803373,10,7,17
380-3803375,14,12,26
380-3803377,41,45,86
380-3803379,31,26,57
380-3804061,29,28,57
380-3805200,39,55,94
380-3805201,12,19,31
380-3805202,13,18,31
380-3805203,9,20,29
380-3805204,24,33,57
380-3805205,24,36,60
380-3805206,21,11,32
380-3805207,10,5,15
380-3805208,30,31,61
380-3806017,0,0,0
380-3806066,0,0,0
380-3806101,0,0,0
380-3806102,36,20,56
380-3806107,0,0,0
380-3806906,30,31,61
380-3806908,32,27,59
380-3807004,1,9,10
380-3807030,2,11,13
380-3807031,6,27,33
380-3807035,5,18,23
381-3811101,0,2,2
381-3812000,9,11,20
381-3812001,30,22,52
381-3812002,37,32,69
381-3812003,10,12,22
381-3812004,27,22,49
381-3812005,17,6,23
381-3812006,20,13,33
381-3812007,20,9,29
381-3812009,13,18,31
381-3812010,24,26,50
381-3812015,29,31,60
381-3812017,36,40,76
381-3812019,35,46,81
381-3812021,13,16,29
381-3812027,18,13,31
381-3812028,42,44,86
381-3812030,13,8,21
381-3812031,40,41,81
381-3812033,21,23,44
381-3812040,13,17,30
381-3812042,20,26,46
381-3812046,25,28,53
381-3812048,13,10,23
381-3812049,26,34,60
381-3812050,16,14,30
381-3812053,21,29,50
381-3812056,5,9,14
381-3812058,9,5,14
381-3812059,3,7,10
381-3812060,21,19,40
381-3812061,20,11,31
381-3812063,19,13,32
381-3812064,12,9,21
381-3812065,4,10,14
381-3812066,14,12,26
381-3812068,16,19,35
381-3812069,12,12,24
381-3812073,16,12,28
381-3812075,10,6,16
381-3812076,8,23,31
381-3812081,32,28,60
381-3812082,21,19,40
381-3812083,30,30,60
381-3812087,18,22,40
381-3812093,34,25,59
381-3812094,14,11,25
381-3812095,13,7,20
381-3813001,13,16,29
381-3813010,7,8,15
381-3813011,10,6,16
381-3813013,14,13,27
381-3813014,9,11,20
381-3813303,15,9,24
381-3813305,12,17,29
381-3813306,12,11,23
381-3813308,17,23,40
381-3813314,31,31,62
381-3813318,13,14,27
381-3813319,16,2,18
381-3813321,18,12,30
381-3813322,9,12,21
381-3813323,19,19,38
381-3813326,7,21,28
381-3813327,7,7,14
381-3813328,10,19,29
381-3813329,13,13,26
381-3813330,4,6,10
381-3813331,30,29,59
381-3813332,12,29,41
381-3814022,4,4,8
381-3814035,0,0,0
381-3815200,8,7,15
381-3815201,14,16,30
381-3815202,15,14,29
381-3815203,13,17,30
381-3815204,28,34,62
381-3815205,12,11,23
381-3815206,11,19,30
381-3815207,28,28,56
381-3815208,9,10,19
381-3816007,0,0,0
381-3817005,0,3,3
381-3817008,3,8,11
381-3817010,8,7,15
382-3821101,0,0,0
382-3821102,0,0,0
382-3822000,19,12,31
382-3822002,42,47,89
382-3822005,13,18,31
382-3822007,12,18,30
382-3822012,21,15,36
382-3822016,27,33,60
382-3822018,23,29,52
382-3822022,21,23,44
382-3822023,38,42,80
382-3822025,30,30,60
382-3822026,19,29,48
382-3822028,13,16,29
382-3822030,22,20,42
382-3822031,20,21,41
382-3822032,63,71,134
382-3822035,30,48,78
382-3822036,57,61,118
382-3822038,16,13,29
382-3822041,69,75,144
382-3822043,35,25,60
382-3822045,26,29,55
382-3822047,15,18,33
382-3822048,57,70,127
382-3822049,0,0,0
382-3822050,27,26,53
382-3822051,0,0,0
382-3822056,16,28,44
382-3822060,18,12,30
382-3822061,26,21,47
382-3822062,15,15,30
382-3822065,8,13,21
382-3822066,10,20,30
382-3822068,21,25,46
382-3822069,6,6,12
382-3822074,6,4,10
382-3822075,11,20,31
382-3822076,5,7,12
382-3822077,8,5,13
382-3822085,18,15,33
382-3822086,6,6,12
382-3822087,10,7,17
382-3822088,6,8,14
382-3822089,2,4,6
382-3822090,14,18,32
382-3822091,17,13,30
382-3822096,7,6,13
382-3822097,21,20,41
382-3822099,23,37,60
382-3822100,5,8,13
382-3822101,27,28,55
382-3822102,13,16,29
382-3822103,9,16,25
382-3822108,13,17,30
382-3822114,9,19,28
382-3822118,19,39,58
382-3822120,35,31,66
382-3822122,17,24,41
382-3822124,16,9,25
382-3822125,12,18,30
382-3822126,12,14,26
382-3822129,38,51,89
382-3822130,26,32,58
382-3822134,11,8,19
382-3822135,31,29,60
382-3822138,12,10,22
382-3822145,17,31,48
382-3822148,21,24,45
382-3822151,42,31,73
382-3822152,45,49,94
382-3822153,41,48,89
382-3822154,29,32,61
382-3822157,32,33,65
382-3823000,13,9,22
382-3823001,59,48,107
382-3823009,41,44,85
382-3823010,63,90,153
382-3823014,12,6,18
382-3823015,44,46,90
382-3823016,10,14,24
382-3823021,20,10,30
382-3823026,16,16,32
382-3823028,27,32,59
382-3823032,11,19,30
382-3823034,15,19,34
382-3823037,33,26,59
382-3823041,27,34,61
382-3823045,0,0,0
382-3823046,29,32,61
382-3823048,34,27,61
382-3823049,25,34,59
382-3823304,20,25,45
382-3823310,15,16,31
382-3823314,29,31,60
382-3823320,18,12,30
382-3823321,18,12,30
382-3823323,14,14,28
382-3823324,8,18,26
382-3823331,11,11,22
382-3823332,13,18,31
382-3823336,17,13,30
382-3823400,18,29,47
382-3823401,33,27,60
382-3823402,11,17,28
382-3823405,13,21,34
382-3823408,26,34,60
382-3823410,38,54,92
382-3823411,23,21,44
382-3823412,25,32,57
382-3824003,9,5,14
382-3824019,26,38,64
382-3824041,0,0,0
382-3824054,0,0,0
382-3826005,0,0,0
382-3826012,14,16,30
382-3826017,0,0,0
382-3826019,0,0,0
382-3826022,0,0,0
382-3827000,0,1,1
382-3827001,0,8,8
382-3827005,0,3,3
382-3827010,1,6,7
382-3827011,3,6,9
382-3827013,0,0,0
382-3827015,6,5,11
383-3830611,0,0,0
383-3831112,0,0,0
383-3831113,0,0,0
383-3832000,0,0,0
383-3832002,15,22,37
383-3832005,21,24,45
383-3832006,18,19,37
383-3832007,32,27,59
383-3832008,25,32,57
383-3832010,35,26,61
383-3832011,8,20,28
383-3832012,14,15,29
383-3832013,16,15,31
383-3832014,30,30,60
383-3832016,16,19,35
383-3832017,20,11,31
383-3832018,25,28,53
383-3832020,17,11,28
383-3832021,0,0,0
383-3832022,0,0,0
383-3832270,28,24,52
383-3832271,16,27,43
383-3832275,22,21,43
383-3832283,13,17,30
383-3832286,27,34,61
383-3832292,15,17,32
383-3832293,33,26,59
383-3832297,37,53,90
383-3832301,18,12,30
383-3832302,2,7,9
383-3832303,22,23,45
383-3832308,18,27,45
383-3832309,26,22,48
383-3832312,21,9,30
383-3832314,34,27,61
383-3832321,45,42,87
383-3832324,29,24,53
383-3832327,28,32,60
383-3832328,13,16,29
383-3832329,4,12,16
383-3832331,20,40,60
383-3832334,10,19,29
383-3832335,31,29,60
383-3832336,25,34,59
383-3832338,26,34,60
383-3832339,27,32,59
383-3832342,22,25,47
383-3832347,15,15,30
383-3832348,27,34,61
383-3832356,12,12,24
383-3832363,24,36,60
383-3832364,15,17,32
383-3832365,16,14,30
383-3832369,14,16,30
383-3832382,33,27,60
383-3832384,15,14,29
383-3832385,14,14,28
383-3832389,8,21,29
383-3832390,28,32,60
383-3832395,19,20,39
383-3832396,27,33,60
383-3832397,30,30,60
383-3832398,18,12,30
383-3832399,15,17,32
383-3832400,14,16,30
383-3832401,18,12,30
383-3832403,19,11,30
383-3832405,15,14,29
383-3832406,16,23,39
383-3832407,19,22,41
383-3832408,30,32,62
383-3832409,17,21,38
383-3832410,21,30,51
383-3832411,13,16,29
383-3832412,48,39,87
383-3832413,12,17,29
383-3832414,16,14,30
383-3832415,21,23,44
383-3832416,14,15,29
383-3832417,12,18,30
383-3832418,22,25,47
383-3832420,38,21,59
383-3832421,12,18,30
383-3832425,43,47,90
383-3832427,30,30,60
383-3832428,36,25,61
383-3832432,24,38,62
383-3832433,28,29,57
383-3832434,27,34,61
383-3832436,36,27,63
383-3832437,26,38,64
383-3832438,29,31,60
383-3832439,34,27,61
383-3832440,17,14,31
383-3832441,12,19,31
383-3832444,29,28,57
383-3832447,24,31,55
383-3832448,12,17,29
383-3832449,48,44,92
383-3832450,51,72,123
383-3832452,14,16,30
383-3832453,10,21,31
383-3832454,27,31,58
383-3832456,16,15,31
383-3832457,34,24,58
383-3832458,14,17,31
383-3832462,26,34,60
383-3832463,17,12,29
383-3832464,19,12,31
383-3832465,32,29,61
383-3832466,37,23,60
383-3832467,21,25,46
383-3832468,17,27,44
383-3832469,8,21,29
383-3832470,43,42,85
383-3832471,32,26,58
383-3832473,34,26,60
383-3832474,20,38,58
383-3832475,28,17,45
383-3832476,20,25,45
383-3832477,38,21,59
383-3832478,16,25,41
383-3832481,9,6,15
383-3832482,30,28,58
383-3832483,40,48,88
383-3832484,18,11,29
383-3832485,22,23,45
383-3832486,11,21,32
383-3832487,16,13,29
383-3832488,29,30,59
383-3832489,24,26,50
383-3832490,10,20,30
383-3832491,20,8,28
383-3832492,34,26,60
383-3832493,25,35,60
383-3832494,27,27,54
383-3832496,14,30,44
383-3832497,15,15,30
383-3832499,24,32,56
383-3832503,15,15,30
383-3832504,37,23,60
383-3832505,27,33,60
383-3832506,22,23,45
383-3832507,18,33,51
383-3832510,32,30,62
383-3832512,29,30,59
383-3832513,11,19,30
383-3832801,29,31,60
383-3833030,8,2,10
383-3833031,18,27,45
383-3833033,10,19,29
383-3833037,6,10,16
383-3833038,28,31,59
383-3833040,3,7,10
383-3833044,17,11,28
383-3833045,6,5,11
383-3833046,29,30,59
383-3833047,7,13,20
383-3833051,17,13,30
383-3833052,16,15,31
383-3833053,22,35,57
383-3833054,25,32,57
383-3833055,19,9,28
383-3833056,49,54,103
383-3833315,10,20,30
383-3833329,16,15,31
383-3833350,28,20,48
383-3833351,7,6,13
383-3833356,6,11,17
383-3833357,15,14,29
383-3833358,9,11,20
383-3833359,14,13,27
383-3833360,14,15,29
383-3833361,17,17,34
383-3833362,14,13,27
383-3833363,14,18,32
383-3833364,14,15,29
383-3833365,16,14,30
383-3833366,13,15,28
383-3833367,13,16,29
383-3833368,28,32,60
383-3833370,25,20,45
383-3833371,17,13,30
383-3833372,14,16,30
383-3833373,16,14,30
383-3833374,9,20,29
383-3833375,24,16,40
383-3833376,11,19,30
383-3833377,13,13,26
383-3833378,15,15,30
383-3833379,18,13,31
383-3833381,31,29,60
383-3833382,20,11,31
383-3833383,16,13,29
383-3833385,37,26,63
383-3833902,17,13,30
383-3833903,27,33,60
383-3833904,14,13,27
383-3833907,18,13,31
383-3833908,31,28,59
383-3833909,15,17,32
383-3833910,24,36,60
383-3833911,19,11,30
383-3833912,17,13,30
383-3833913,25,23,48
383-3833914,17,11,28
383-3833915,21,19,40
383-3833916,32,28,60
383-3833917,19,29,48
383-3833918,34,25,59
383-3833920,32,29,61
383-3833921,31,19,50
383-3833922,36,23,59
383-3833923,28,30,58
383-3833925,15,17,32
383-3833926,31,29,60
383-3833927,28,32,60
383-3833928,35,45,80
383-3833929,15,14,29
383-3833930,25,32,57
383-3833931,28,30,58
383-3834041,21,9,30
383-3834063,35,27,62
383-3834068,0,0,0
383-3834075,0,0,0
383-3835200,9,10,19
383-3836057,0,0,0
383-3837005,0,5,5
383-3837015,4,10,14
383-3837016,0,1,1
383-3837062,2,8,10
383-3837072,3,13,16
383-3837073,5,5,10
383-3837074,4,6,10
384-3841101,1,0,1
384-3841102,0,0,0
384-3842002,12,16,28
384-3842003,7,8,15
384-3842004,29,29,58
384-3842005,16,13,29
384-3842006,15,8,23
384-3842007,11,13,24
384-3842008,10,18,28
384-3842009,24,22,46
384-3842010,11,15,26
384-3842011,15,17,32
384-3842012,10,18,28
384-3842014,17,39,56
384-3842016,37,19,56
384-3842021,50,62,112
384-3842022,39,50,89
384-3842023,29,28,57
384-3842024,16,24,40
384-3842039,28,28,56
384-3842052,25,20,45
384-3842060,6,9,15
384-3842061,12,18,30
384-3842067,13,20,33
384-3842069,8,11,19
384-3842070,11,18,29
384-3842076,16,13,29
384-3842078,28,32,60
384-3842079,11,15,26
384-3842080,11,12,23
384-3842084,7,5,12
384-3842094,22,22,44
384-3842095,14,15,29
384-3842100,17,13,30
384-3842101,23,21,44
384-3842115,13,17,30
384-3842128,8,5,13
384-3842129,12,16,28
384-3842131,32,27,59
384-3842142,16,15,31
384-3842147,30,29,59
384-3842150,17,24,41
384-3842152,40,48,88
384-3842154,11,18,29
384-3842155,9,16,25
384-3842156,23,22,45
384-3842159,11,18,29
384-3842160,25,24,49
384-3842162,20,23,43
384-3842163,13,17,30
384-3842170,22,15,37
384-3842178,51,47,98
384-3842182,10,18,28
384-3842184,35,25,60
384-3842185,17,19,36
384-3842187,29,24,53
384-3842189,23,19,42
384-3842190,26,13,39
384-3842191,30,15,45
384-3842192,14,16,30
384-3842193,22,35,57
384-3842195,14,15,29
384-3842196,10,20,30
384-3842197,10,19,29
384-3842198,15,17,32
384-3842199,7,23,30
384-3842201,12,8,20
384-3842202,20,17,37
384-3842203,10,10,20
384-3842204,17,13,30
384-3842206,14,19,33
384-3842207,27,33,60
384-3842208,31,29,60
384-3842209,42,48,90
384-3843003,10,5,15
384-3843006,11,19,30
384-3843010,39,41,80
384-3843015,14,28,42
384-3843018,35,36,71
384-3843019,22,23,45
384-3843021,15,17,32
384-3843022,15,14,29
384-3843023,19,11,30
384-3843104,24,18,42
384-3843301,12,23,35
384-3843303,31,13,44
384-3843305,10,20,30
384-3843311,12,17,29
384-3843316,10,14,24
384-3843319,18,27,45
384-3843327,18,12,30
384-3843329,8,7,15
384-3843330,14,13,27
384-3843332,8,12,20
384-3843333,19,10,29
384-3843336,11,16,27
384-3843337,19,19,38
384-3843338,15,15,30
384-3843339,46,35,81
384-3843341,30,29,59
384-3843342,21,23,44
384-3843343,21,24,45
384-3846004,0,0,0
384-3847054,10,21,31
390-3901102,0,0,0
390-3902008,15,28,43
390-3902012,19,28,47
390-3902036,23,18,41
390-3902039,14,14,28
390-3902049,32,28,60
390-3902051,12,15,27
390-3902056,16,16,32
390-3902058,13,19,32
390-3902162,12,19,31
390-3902163,22,10,32
390-3902164,31,27,58
390-3902167,22,21,43
390-3902168,17,9,26
390-3902172,10,13,23
390-3902177,21,25,46
390-3902181,12,18,30
390-3902182,8,5,13
390-3902184,25,29,54
390-3902186,7,9,16
390-3902193,17,29,46
390-3902194,10,13,23
390-3902197,10,20,30
390-3902198,27,18,45
390-3902200,8,9,17
390-3902205,25,31,56
390-3902213,17,12,29
390-3902214,12,12,24
390-3902216,16,14,30
390-3902219,15,11,26
390-3902220,12,22,34
390-3902221,22,19,41
390-3902222,30,26,56
390-3902224,20,22,42
390-3902225,31,28,59
390-3902226,18,11,29
390-3902227,17,20,37
390-3902228,10,6,16
390-3902229,14,15,29
390-3902231,15,15,30
390-3902232,23,19,42
390-3902233,17,13,30
390-3902234,30,30,60
390-3902235,16,20,36
390-3902236,25,30,55
390-3902237,13,18,31
390-3902238,24,23,47
390-3902239,17,24,41
390-3903001,16,13,29
390-3903313,15,15,30
390-3903317,11,17,28
390-3903318,10,18,28
390-3903319,13,17,30
390-3903322,9,6,15
390-3903324,18,11,29
390-3903326,18,13,31
390-3903327,4,10,14
390-3903328,16,16,32
390-3903329,14,13,27
390-3903330,16,12,28
390-3903331,19,11,30
390-3903333,10,17,27
390-3903335,12,19,31
390-3903336,29,22,51
390-3903339,9,8,17
390-3907002,6,7,13
390-3907007,5,11,16
390-3907010,2,11,13
391-3911103,0,2,2
391-3912004,23,37,60
391-3912008,24,35,59
391-3912010,25,32,57
391-3912011,37,23,60
391-3912012,17,23,40
391-3912013,11,19,30
391-3912014,17,14,31
391-3912015,23,21,44
391-3912016,34,25,59
391-3912017,17,13,30
391-3912018,15,13,28
391-3912019,8,17,25
391-3912020,13,15,28
391-3912021,15,12,27
391-3912022,62,51,113
391-3912023,11,18,29
391-3912027,19,11,30
391-3912030,4,11,15
391-3912031,36,24,60
391-3912032,30,27,57
391-3912033,51,39,90
391-3912050,18,29,47
391-3912080,12,18,30
391-3912090,33,27,60
391-3912100,13,11,24
391-3912170,32,28,60
391-3912210,32,19,51
391-3912225,17,20,37
391-3912250,11,13,24
391-3912300,11,13,24
391-3912462,14,15,29
391-3912670,37,44,81
391-3912720,18,11,29
391-3912735,29,31,60
391-3912880,36,46,82
391-3912890,31,21,52
391-3912940,12,18,30
391-3912960,34,26,60
391-3912990,15,17,32
391-3912995,20,20,40
391-3912996,30,29,59
391-3912998,26,33,59
391-3912999,27,26,53
391-3913321,5,6,11
391-3913472,16,14,30
391-3913473,17,13,30
391-3913474,11,16,27
391-3913475,12,12,24
391-3913476,16,14,30
391-3913477,11,18,29
391-3913485,11,23,34
391-3913650,28,33,61
391-3913662,18,13,31
391-3913762,11,19,30
391-3913765,17,13,30
391-3913778,12,17,29
391-3913781,11,18,29
391-3913792,14,14,28
391-3913799,18,12,30
391-3913835,10,23,33
391-3913842,13,16,29
391-3913874,16,14,30
391-3913876,15,27,42
391-3914190,0,0,0
391-3914303,0,0,0
391-3914305,0,0,0
391-3916012,0,0,0
391-3916037,0,0,0
391-3916905,17,14,31
391-3917004,3,4,7
391-3917033,1,7,8
391-3917034,13,23,36
391-3917036,4,19,23
391-3917037,0,0,0
391-3917038,0,2,2
392-3922000,25,37,62
392-3922001,8,4,12
392-3922004,16,17,33
392-3922008,14,8,22
392-3922013,28,32,60
392-3922016,22,28,50
392-3922021,15,6,21
392-3922022,12,18,30
392-3922024,18,14,32
392-3922026,15,15,30
392-3922031,24,27,51
392-3922032,5,9,14
392-3922036,27,34,61
392-3922037,22,23,45
392-3922048,30,30,60
392-3922054,29,36,65
392-3922062,15,12,27
392-3922065,22,22,44
392-3922068,28,19,47
392-3922069,12,15,27
392-3922070,22,29,51
392-3922072,17,13,30
392-3922076,19,32,51
392-3922077,12,13,25
392-3922078,23,34,57
392-3922079,11,15,26
392-3922080,2,9,11
392-3922081,13,27,40
392-3922082,34,21,55
392-3922083,20,22,42
392-3922084,4,13,17
392-3922085,15,26,41
392-3922086,11,15,26
392-3922087,32,25,57
392-3922088,29,31,60
392-3923301,10,14,24
392-3923302,15,14,29
392-3923305,12,20,32
392-3923308,24,20,44
392-3923309,9,21,30
392-3923315,17,10,27
392-3923316,20,10,30
392-3923317,31,29,60
392-3923318,13,12,25
392-3923319,21,23,44
392-3923320,17,15,32
392-3923321,13,15,28
392-3924000,32,51,83
392-3924025,0,0,0
392-3924026,0,0,0
392-3924027,0,0,0
392-3925400,0,0,0
392-3927001,0,6,6
392-3927004,3,13,16
392-3927006,1,7,8
392-3927007,0,4,4
392-3927008,2,10,12
393-3931100,0,0,0
393-3932000,19,23,42
393-3932001,40,45,85
393-3932002,32,25,57
393-3932003,10,15,25
393-3932015,19,14,33
393-3932017,38,43,81
393-3932020,12,16,28
393-3932023,17,11,28
393-3932028,21,34,55
393-3932036,25,31,56
393-3932038,35,25,60
393-3932040,19,21,40
393-3932042,15,15,30
393-3932050,28,30,58
393-3932055,11,19,30
393-3932056,11,19,30
393-3932063,6,12,18
393-3932073,16,21,37
393-3932075,12,15,27
393-3932076,11,13,24
393-3932080,22,22,44
393-3932083,14,21,35
393-3932085,17,12,29
393-3932086,15,15,30
393-3933006,11,19,30
393-3933010,20,24,44
393-3933301,15,15,30
393-3933303,20,12,32
393-3933304,18,12,30
393-3933305,15,11,26
393-3933306,27,34,61
393-3933311,15,14,29
393-3933312,15,15,30
393-3933313,17,13,30
393-3933314,14,12,26
393-3933315,15,14,29
393-3933316,29,31,60
393-3933317,15,14,29
393-3933318,16,27,43
393-3933319,26,34,60
393-3933320,43,45,88
393-3937000,0,13,13
393-3937004,4,10,14
393-3937007,5,7,12
394-3941102,0,0,0
394-3942000,13,24,37
394-3942001,12,14,26
394-3942002,44,41,85
394-3942004,28,34,62
394-3942005,15,10,25
394-3942006,38,42,80
394-3942007,16,11,27
394-3942009,42,23,65
394-3942010,10,19,29
394-3942011,21,31,52
394-3942015,41,39,80
394-3942019,45,40,85
394-3942021,13,9,22
394-3942035,21,26,47
394-3942038,62,57,119
394-3942042,22,16,38
394-3942070,13,13,26
394-3942081,21,9,30
394-3942083,24,28,52
394-3942088,11,8,19
394-3942089,39,21,60
394-3942091,23,36,59
394-3942092,5,12,17
394-3942093,26,24,50
394-3942097,21,20,41
394-3942099,29,28,57
394-3942104,8,5,13
394-3942105,12,21,33
394-3942107,18,11,29
394-3942112,29,26,55
394-3942115,30,27,57
394-3942117,8,19,27
394-3942118,30,27,57
394-3942126,10,9,19
394-3942139,15,15,30
394-3942144,13,12,25
394-3942153,23,23,46
394-3942157,14,15,29
394-3942158,22,37,59
394-3942159,26,33,59
394-3942163,13,17,30
394-3942167,13,13,26
394-3942168,8,10,18
394-3942170,28,25,53
394-3942171,21,18,39
394-3942174,13,9,22
394-3942175,12,10,22
394-3942176,26,38,64
394-3942177,21,21,42
394-3942178,16,14,30
394-3942179,13,11,24
394-3942181,13,14,27
394-3942182,11,20,31
394-3942338,18,28,46
394-3942339,20,25,45
394-3942341,24,28,52
394-3943005,15,13,28
394-3943301,23,22,45
394-3943302,17,10,27
394-3943306,30,30,60
394-3943308,21,10,31
394-3943313,17,10,27
394-3943315,14,14,28
394-3943316,12,11,23
394-3943317,8,14,22
394-3943319,11,15,26
394-3943322,20,16,36
394-3943323,12,18,30
394-3943326,15,13,28
394-3943327,22,25,47
394-3943329,12,18,30
394-3943330,10,21,31
394-3943332,11,15,26
394-3943333,26,28,54
394-3946000,0,0,0
394-3946003,0,0,0
394-3946010,22,16,38
394-3946905,19,23,42
394-3947001,4,16,20
394-3947014,2,9,11
394-3947016,3,10,13
420-4203005,7,13,20
702-7022001,5,15,20
702-7022008,4,6,10
702-7022020,15,8,23
702-7022047,1,1,2
702-7022051,14,6,20
702-7022071,22,24,46
702-7022072,6,5,11
702-7022074,13,8,21
702-7022075,13,23,36
702-7022083,26,21,47
702-7022089,4,4,8
702-7022091,3,4,7
702-7023003,0,0,0
707-7072001,0,0,0
707-7072002,0,0,0
707-7072003,0,0,0
707-7072004,0,0,0
707-7072005,0,0,0
707-7072006,0,0,0
707-7072007,0,0,0
707-7072009,0,0,0
707-7072010,0,0,0
707-7072011,0,0,0
707-7072012,0,0,0
707-7072013,0,0,0
707-7072014,0,0,0
707-7072015,0,0,0
707-7072016,0,0,0
707-7072017,0,0,0
707-7072019,0,0,0
707-7072020,0,0,0
707-7072021,0,0,0
707-7072022,0,0,0
707-7072023,0,0,0
707-7072025,0,0,0
707-7072026,0,0,0
707-7076002,0,0,0
707-7076003,0,0,0
707-7076004,0,0,0
707-7076007,0,0,0
707-7076170,0,0,0
800-8002001,20,25,45
800-8002003,2,0,2
800-8002004,0,0,0
800-8002153,29,32,61
800-8002158,23,19,42
800-8002159,34,33,67
800-8002236,13,17,30
800-8002237,7,14,21
800-8002238,9,6,15
800-8002239,7,5,12
800-8002242,38,31,69
800-8002244,37,37,74
800-8002246,4,9,13
800-8002248,4,8,12
800-8002249,7,17,24
800-8002250,27,33,60
800-8002251,11,14,25
800-8002259,27,19,46
800-8002260,15,18,33
800-8002270,33,40,73
800-8002293,14,10,24
800-8003032,14,24,38
800-8003033,21,26,47
800-8003035,16,27,43
800-8003076,16,15,31
800-8003077,11,13,24
800-8003078,7,7,14
800-8003079,0,0,0
800-8003086,6,6,12
800-8003088,13,5,18
800-8003089,4,8,12
800-8003092,8,10,18
800-8003093,14,12,26
800-8003094,16,13,29
800-8003096,7,8,15
800-8003102,33,28,61
800-8003103,3,7,10
800-8003105,5,17,22
800-8003106,5,4,9
800-8003107,8,6,14
800-8003109,11,2,13
800-8003125,47,39,86
800-8003128,33,27,60
800-8003347,3,5,8
800-8003420,16,17,33
800-8003421,12,17,29
800-8003422,29,31,60
800-8003423,28,33,61
800-8003424,23,22,45
800-8003425,14,13,27
800-8003440,12,11,23
800-8003445,32,27,59
800-8003446,21,15,36
800-8003447,13,6,19
800-8003448,16,13,29
800-8003449,29,31,60
800-8007000,0,3,3
800-8007035,1,9,10
800-8007036,5,16,21
801-8011101,0,0,0
801-8011104,0,0,0
801-8012001,28,29,57
801-8012002,28,29,57
801-8012003,25,33,58
801-8012004,47,41,88
801-8012005,15,12,27
801-8012006,24,20,44
801-8012010,15,15,30
801-8012013,46,31,77
801-8012017,32,28,60
801-8012018,28,24,52
801-8012019,10,17,27
801-8012020,28,32,60
801-8012022,43,47,90
801-8012023,26,31,57
801-8012027,29,26,55
801-8012028,29,55,84
801-8012029,22,21,43
801-8012030,43,35,78
801-8012034,61,47,108
801-8012037,27,22,49
801-8012038,13,25,38
801-8012040,45,51,96
801-8012044,16,16,32
801-8012052,21,24,45
801-8012055,31,26,57
801-8012056,16,11,27
801-8012061,31,27,58
801-8012062,19,23,42
801-8012064,11,17,28
801-8012067,27,32,59
801-8012074,28,32,60
801-8012077,20,21,41
801-8012078,19,20,39
801-8012079,21,9,30
801-8012080,39,34,73
801-8012082,5,6,11
801-8012086,9,15,24
801-8012087,12,18,30
801-8012089,0,0,0
801-8012091,27,34,61
801-8012092,0,0,0
801-8012093,0,0,0
801-8012094,15,30,45
801-8012098,41,39,80
801-8012099,30,30,60
801-8012101,36,27,63
801-8012106,37,28,65
801-8012107,39,41,80
801-8012108,11,7,18
801-8012109,13,17,30
801-8012110,29,28,57
801-8012112,51,40,91
801-8012114,27,33,60
801-8012118,27,26,53
801-8012130,15,15,30
801-8012139,15,13,28
801-8012299,21,25,46
801-8012312,58,60,118
801-8012314,23,33,56
801-8012320,22,22,44
801-8012324,24,16,40
801-8012326,25,33,58
801-8012327,42,51,93
801-8012328,34,25,59
801-8012336,11,18,29
801-8012338,19,21,40
801-8013000,10,18,28
801-8013003,34,21,55
801-8013008,29,30,59
801-8013010,10,16,26
801-8013013,6,4,10
801-8013014,30,34,64
801-8013018,7,15,22
801-8013025,30,29,59
801-8013026,31,26,57
801-8013400,15,15,30
801-8013401,15,10,25
801-8013402,15,15,30
801-8013403,9,14,23
801-8013405,13,17,30
801-8013408,13,17,30
801-8013411,13,16,29
801-8013412,16,14,30
801-8013413,4,10,14
801-8013414,14,16,30
801-8013415,14,12,26
801-8013417,32,25,57
801-8013431,24,30,54
801-8013432,27,33,60
801-8013433,13,15,28
801-8013434,15,16,31
801-8013436,41,45,86
801-8013437,40,49,89
801-8013438,43,45,88
801-8013439,11,19,30
801-8013440,25,35,60
801-8013441,57,53,110
801-8013442,29,29,58
801-8014005,28,28,56
801-8014006,16,10,26
801-8016130,0,0,0
801-8016910,16,15,31
801-8017000,2,3,5
801-8017002,1,6,7
801-8017003,1,9,10
801-8017011,2,0,2
801-8017012,0,4,4
801-8017014,5,3,8
801-8017015,0,0,0
801-8017025,1,13,14
801-8017042,0,11,11
802-8021102,0,3,3
802-8022000,7,8,15
802-8022001,0,0,0
802-8022002,31,35,66
802-8022003,6,3,9
802-8022005,20,10,30
802-8022007,2,7,9
802-8022252,27,33,60
802-8022261,34,22,56
802-8022262,30,25,55
802-8022263,40,50,90
802-8022271,10,20,30
802-8022272,3,7,10
802-8022273,7,6,13
802-8022276,19,23,42
802-8022277,49,42,91
802-8022280,24,32,56
802-8022283,8,12,20
802-8022284,16,16,32
802-8022285,36,57,93
802-8022286,29,32,61
802-8022287,12,18,30
802-8022292,20,10,30
802-8022295,29,30,59
802-8022305,23,37,60
802-8022310,28,32,60
802-8022316,13,18,31
802-8022319,22,7,29
802-8022332,23,40,63
802-8023075,30,29,59
802-8023091,7,9,16
802-8023095,12,18,30
802-8023099,40,49,89
802-8023108,8,17,25
802-8023111,42,49,91
802-8023113,11,13,24
802-8023114,29,12,41
802-8023115,14,16,30
802-8023116,11,20,31
802-8023117,13,12,25
802-8023118,47,39,86
802-8023119,9,18,27
802-8023121,6,16,22
802-8023122,10,5,15
802-8023129,28,28,56
802-8023130,18,24,42
802-8023348,5,8,13
802-8023349,13,17,30
802-8023350,13,17,30
802-8023351,8,7,15
802-8023352,22,8,30
802-8023354,9,21,30
802-8023446,5,9,14
802-8023447,27,33,60
802-8023450,23,20,43
802-8023451,21,37,58
802-8023452,33,27,60
802-8023454,28,29,57
802-8023455,31,26,57
802-8027036,3,0,3
802-8027037,1,2,3
802-8027039,5,0,5
803-8030611,0,0,0
803-8031100,0,1,1
803-8032000,24,23,47
803-8032001,11,13,24
803-8032002,10,17,27
803-8032003,9,17,26
803-8032005,27,30,57
803-8032007,34,26,60
803-8032008,26,18,44
803-8032009,11,6,17
803-8032011,16,14,30
803-8032012,45,34,79
803-8032013,0,0,0
803-8032108,0,0,0
803-8032166,13,18,31
803-8032168,7,19,26
803-8032170,20,15,35
803-8032171,14,15,29
803-8032172,20,11,31
803-8032174,47,37,84
803-8032176,39,45,84
803-8032179,22,21,43
803-8032180,18,12,30
803-8032181,8,13,21
803-8032185,16,14,30
803-8032186,16,14,30
803-8032187,6,8,14
803-8032188,21,39,60
803-8032191,24,34,58
803-8032194,31,25,56
803-8032200,26,29,55
803-8032208,33,25,58
803-8032216,25,24,49
803-8032224,28,27,55
803-8032227,11,18,29
803-8032306,13,17,30
803-8032308,10,12,22
803-8032313,19,17,36
803-8032317,30,30,60
803-8032322,8,20,28
803-8032329,45,45,90
803-8032331,35,25,60
803-8032333,26,19,45
803-8032339,11,17,28
803-8032340,23,18,41
803-8032341,24,35,59
803-8033042,18,23,41
803-8033043,18,10,28
803-8033044,25,31,56
803-8033045,21,20,41
803-8033046,5,6,11
803-8033047,5,8,13
803-8033048,24,32,56
803-8033049,28,32,60
803-8033050,31,40,71
803-8033052,46,46,92
803-8033053,13,15,28
803-8033054,6,7,13
803-8033055,15,10,25
803-8033056,13,9,22
803-8033057,3,2,5
803-8033059,16,22,38
803-8033061,11,4,15
803-8033064,15,15,30
803-8033065,6,15,21
803-8033067,12,8,20
803-8033070,17,13,30
803-8033071,2,5,7
803-8033072,5,7,12
803-8033073,9,14,23
803-8033123,15,12,27
803-8033126,54,60,114
803-8033127,18,23,41
803-8033300,14,15,29
803-8033410,12,18,30
803-8033431,7,4,11
803-8033432,16,16,32
803-8033433,24,21,45
803-8033434,16,13,29
803-8033435,15,14,29
803-8033436,15,9,24
803-8033437,20,15,35
803-8033438,15,15,30
803-8033439,42,42,84
803-8033440,32,27,59
803-8033441,13,17,30
803-8033442,12,16,28
803-8034003,0,0,0
803-8034009,13,27,40
803-8034104,0,0,0
803-8036002,0,0,0
803-8037000,2,5,7
803-8037002,0,7,7
803-8037028,1,3,4
803-8037031,2,7,9
803-8037032,1,5,6
805-8052000,10,9,19
805-8052001,8,7,15
805-8052002,12,12,24
805-8052090,18,20,38
805-8052126,12,13,25
805-8052127,26,19,45
805-8052151,30,29,59
805-8052153,23,23,46
805-8052156,31,18,49
805-8052187,33,27,60
805-8052189,24,34,58
805-8052211,23,18,41
805-8052215,22,28,50
805-8052236,26,34,60
805-8052237,21,24,45
805-8052238,27,29,56
805-8052310,22,23,45
805-8052341,13,16,29
805-8052342,21,23,44
805-8052364,23,26,49
805-8053003,7,6,13
805-8053006,6,9,15
805-8053320,26,17,43
805-8053321,28,31,59
805-8053322,13,20,33
805-8053323,8,10,18
805-8053324,16,29,45
805-8053328,11,13,24
805-8053329,18,12,30
805-8053330,18,12,30
805-8057027,6,8,14
806-8061100,0,0,0
806-8061101,0,0,0
806-8062000,29,30,59
806-8062001,51,40,91
806-8062002,35,25,60
806-8062003,35,45,80
806-8062005,19,13,32
806-8062006,26,27,53
806-8062007,11,26,37
806-8062008,0,0,0
806-8062102,12,15,27
806-8062111,31,28,59
806-8062120,26,27,53
806-8062124,14,23,37
806-8062138,12,18,30
806-8062139,26,31,57
806-8062141,29,39,68
806-8062143,12,5,17
806-8062167,22,12,34
806-8062175,8,19,27
806-8062180,13,15,28
806-8062316,24,27,51
806-8062318,21,11,32
806-8062325,29,28,57
806-8062326,23,16,39
806-8062331,34,29,63
806-8062332,34,37,71
806-8062333,23,28,51
806-8062347,45,47,92
806-8062359,21,17,38
806-8062369,8,20,28
806-8062370,30,29,59
806-8063337,21,29,50
806-8063340,22,20,42
806-8063347,15,15,30
806-8063348,12,13,25
806-8063362,15,17,32
806-8063364,15,14,29
806-8063384,19,15,34
806-8063385,22,18,40
806-8063386,11,13,24
806-8063389,18,12,30
806-8063390,18,12,30
806-8067000,4,6,10
806-8067003,1,6,7
806-8067005,5,16,21
807-8071100,0,1,1
807-8072000,21,27,48
807-8072001,11,14,25
807-8072016,5,4,9
807-8072018,9,11,20
807-8072082,25,17,42
807-8072088,14,16,30
807-8072166,13,17,30
807-8072196,22,27,49
807-8072207,14,27,41
807-8072218,13,11,24
807-8072223,17,9,26
807-8072224,13,14,27
807-8072229,32,26,58
807-8072233,3,8,11
807-8072311,14,14,28
807-8072315,9,10,19
807-8072329,19,21,40
807-8072330,8,3,11
807-8072336,37,42,79
807-8072338,15,15,30
807-8072339,18,26,44
807-8072340,8,19,27
807-8072349,13,14,27
807-8072352,39,38,77
807-8072356,7,9,16
807-8072357,13,19,32
807-8072361,22,28,50
807-8072365,24,24,48
807-8072366,30,23,53
807-8072368,16,19,35
807-8073005,19,9,28
807-8073007,20,20,40
807-8073300,7,16,23
807-8073307,16,14,30
807-8073308,12,9,21
807-8073309,13,16,29
807-8073387,15,13,28
807-8073388,41,40,81
807-8073389,12,9,21
807-8073393,21,19,40
807-8073394,10,16,26
807-8073395,33,20,53
807-8073396,5,13,18
807-8073397,9,19,28
807-8077008,3,11,14
807-8077030,0,6,6
807-8077031,0,7,7
808-8081101,0,1,1
808-8082000,23,19,42
808-8082002,11,19,30
808-8082003,15,16,31
808-8082004,8,4,12
808-8082005,22,33,55
808-8082006,22,22,44
808-8082013,15,16,31
808-8082014,16,13,29
808-8082015,26,18,44
808-8082016,6,10,16
808-8082017,31,24,55
808-8082020,11,8,19
808-8082022,11,16,27
808-8082030,12,17,29
808-8082032,12,14,26
808-8082042,34,38,72
808-8082056,23,30,53
808-8082057,23,32,55
808-8082069,25,27,52
808-8082075,12,13,25
808-8082076,16,21,37
808-8082079,17,19,36
808-8082080,11,17,28
808-8082084,12,15,27
808-8082085,8,13,21
808-8082087,15,13,28
808-8082088,32,24,56
808-8082304,24,12,36
808-8082319,22,23,45
808-8082324,11,17,28
808-8082343,16,22,38
808-8082344,22,38,60
808-8082345,24,17,41
808-8082355,12,17,29
808-8082358,40,48,88
808-8082362,42,40,82
808-8082363,21,22,43
808-8082371,15,20,35
808-8083000,35,29,64
808-8083001,10,19,29
808-8083002,25,20,45
808-8083004,13,13,26
808-8083300,14,16,30
808-8083301,8,14,22
808-8083303,15,10,25
808-8083304,13,17,30
808-8083305,18,11,29
808-8083312,11,17,28
808-8083313,18,23,41
808-8083316,16,23,39
808-8083317,16,13,29
808-8083325,19,26,45
808-8083327,21,23,44
808-8083383,7,10,17
808-8083392,17,10,27
808-8083393,30,30,60
808-8083394,44,45,89
808-8083395,32,26,58
808-8083396,38,19,57
808-8083397,27,27,54
808-8085950,2,6,8
808-8087000,6,12,18
810-8101100,0,4,4
810-8101104,0,0,0
810-8101112,0,0,0
810-8102001,13,24,37
810-8102002,18,29,47
810-8102004,17,22,39
810-8102005,26,20,46
810-8102006,37,25,62
810-8102007,16,29,45
810-8102008,11,24,35
810-8102009,31,28,59
810-8102010,14,18,32
810-8102011,12,19,31
810-8102012,23,21,44
810-8102013,32,38,70
810-8102014,19,7,26
810-8102015,31,29,60
810-8102016,22,26,48
810-8102017,19,12,31
810-8102018,22,25,47
810-8102019,14,14,28
810-8102020,16,23,39
810-8102021,22,7,29
810-8102022,27,30,57
810-8102023,13,16,29
810-8102039,16,14,30
810-8102040,15,15,30
810-8102045,55,35,90
810-8102080,25,32,57
810-8102081,27,33,60
810-8102088,23,30,53
810-8102089,20,22,42
810-8102160,40,50,90
810-8102164,16,22,38
810-8102207,25,27,52
810-8102279,20,29,49
810-8102285,29,15,44
810-8102289,24,16,40
810-8102403,20,33,53
810-8102440,11,13,24
810-8102441,19,12,31
810-8102490,26,20,46
810-8102493,32,30,62
810-8102560,28,20,48
810-8102566,19,32,51
810-8102600,7,9,16
810-8102610,27,31,58
810-8102642,17,11,28
810-8102647,29,28,57
810-8102657,14,14,28
810-8102660,31,20,51
810-8102670,26,31,57
810-8102684,35,39,74
810-8102822,34,27,61
810-8102825,20,27,47
810-8102861,43,46,89
810-8102863,12,27,39
810-8102868,28,25,53
810-8102884,20,21,41
810-8102891,28,32,60
810-8102901,19,23,42
810-8102902,16,17,33
810-8102904,15,19,34
810-8102905,14,15,29
810-8102906,7,11,18
810-8103302,18,21,39
810-8103400,13,26,39
810-8103404,13,18,31
810-8103500,14,15,29
810-8103506,40,46,86
810-8103508,33,19,52
810-8103509,39,24,63
810-8103510,19,29,48
810-8103511,16,11,27
810-8107000,0,2,2
810-8107006,2,2,4
810-8107007,0,0,0
810-8107008,0,0,0
810-8107028,2,4,6
810-8107029,1,6,7
811-8111102,0,0,0
811-8112000,30,23,53
811-8112001,24,8,32
811-8112003,2,2,4
811-8112005,25,28,53
811-8112007,0,0,0
811-8112009,5,4,9
811-8112010,17,21,38
811-8112011,28,19,47
811-8112012,2,1,3
811-8112013,11,12,23
811-8112478,24,23,47
811-8112700,6,15,21
811-8112701,2,4,6
811-8112702,4,6,10
811-8112704,19,22,41
811-8112706,13,16,29
811-8112707,4,6,10
811-8112708,12,4,16
811-8112709,36,41,77
811-8112715,7,12,19
811-8112718,7,8,15
811-8112719,68,59,127
811-8112720,7,9,16
811-8112721,36,26,62
811-8112728,7,6,13
811-8112731,10,19,29
811-8112732,12,11,23
811-8112733,31,37,68
811-8112734,22,35,57
811-8112735,10,7,17
811-8112738,24,18,42
811-8112739,9,5,14
811-8112740,9,7,16
811-8112741,7,3,10
811-8112742,4,1,5
811-8112743,33,32,65
811-8112744,15,16,31
811-8112746,19,21,40
811-8112747,30,16,46
811-8112748,5,8,13
811-8112749,30,29,59
811-8112754,9,10,19
811-8112755,11,7,18
811-8112757,14,13,27
811-8112761,14,9,23
811-8112765,43,47,90
811-8112766,4,1,5
811-8112768,28,33,61
811-8112769,25,35,60
811-8112770,9,21,30
811-8112771,31,29,60
811-8112777,24,28,52
811-8112778,36,24,60
811-8112780,26,15,41
811-8112789,9,5,14
811-8112790,6,3,9
811-8112796,26,23,49
811-8112879,13,18,31
811-8112881,37,23,60
811-8112908,26,29,55
811-8112909,28,32,60
811-8112910,13,17,30
811-8112912,2,5,7
811-8112913,8,6,14
811-8112914,19,31,50
811-8112915,5,5,10
811-8113011,5,3,8
811-8113012,0,1,1
811-8113013,30,28,58
811-8113017,3,4,7
811-8113018,8,6,14
811-8113021,9,9,18
811-8113022,6,8,14
811-8113023,38,38,76
811-8113026,10,5,15
811-8113027,5,11,16
811-8113029,23,30,53
811-8113030,5,5,10
811-8113031,4,11,15
811-8113032,11,27,38
811-8113035,1,7,8
811-8113036,11,10,21
811-8113037,2,4,6
811-8113039,5,5,10
811-8113040,6,11,17
811-8113041,13,8,21
811-8113042,16,15,31
811-8113044,1,0,1
811-8113045,16,14,30
811-8113046,5,2,7
811-8113047,3,3,6
811-8113048,4,2,6
811-8113049,16,12,28
811-8113050,24,22,46
811-8113081,7,8,15
811-8113082,6,10,16
811-8113086,2,2,4
811-8113087,15,14,29
811-8113088,38,22,60
811-8113313,14,13,27
811-8113315,11,1,12
811-8113316,7,6,13
811-8113317,7,8,15
811-8113318,13,13,26
811-8113331,9,6,15
811-8113332,7,8,15
811-8113508,9,12,21
811-8113509,18,18,36
811-8113510,14,21,35
811-8113511,14,26,40
811-8113512,31,23,54
811-8113513,28,32,60
811-8114053,29,31,60
811-8115200,5,6,11
811-8115202,10,8,18
811-8115203,11,9,20
811-8115204,32,30,62
811-8116007,0,0,0
811-8117016,2,7,9
811-8117018,2,3,5
811-8117025,2,3,5
812-8122000,17,15,32
812-8122001,37,19,56
812-8122002,24,25,49
812-8122004,32,34,66
812-8122005,23,22,45
812-8122006,19,19,38
812-8122007,6,15,21
812-8122008,30,40,70
812-8122009,26,17,43
812-8122010,16,10,26
812-8122011,7,5,12
812-8122012,24,26,50
812-8122013,13,17,30
812-8122109,42,44,86
812-8122124,23,31,54
812-8122145,11,9,20
812-8122154,25,24,49
812-8122176,45,44,89
812-8122182,16,16,32
812-8122877,19,11,30
812-8122896,30,26,56
812-8122897,17,14,31
812-8122898,28,23,51
812-8122899,15,18,33
812-8122930,32,31,63
812-8122937,15,11,26
812-8122938,14,16,30
812-8122939,17,20,37
812-8122943,15,15,30
812-8122944,28,41,69
812-8123059,14,16,30
812-8123060,6,3,9
812-8123065,16,15,31
812-8123068,17,17,34
812-8123072,6,11,17
812-8123300,31,45,76
812-8123514,13,16,29
812-8123517,14,17,31
812-8123518,29,30,59
812-8123519,17,21,38
812-8123522,33,50,83
812-8123523,20,24,44
812-8123525,28,31,59
812-8123526,22,18,40
812-8126001,0,0,0
812-8127000,0,0,0
812-8127011,7,2,9
812-8127033,2,17,19
813-8132000,48,42,90
813-8132001,23,21,44
813-8132002,23,23,46
813-8132003,40,47,87
813-8132005,13,7,20
813-8132006,27,22,49
813-8132007,22,36,58
813-8132100,2,5,7
813-8132101,17,18,35
813-8132105,33,31,64
813-8132106,25,27,52
813-8132107,18,25,43
813-8132108,15,14,29
813-8132115,14,23,37
813-8132116,3,5,8
813-8132118,14,20,34
813-8132120,14,9,23
813-8132121,17,9,26
813-8132122,5,6,11
813-8132123,14,12,26
813-8132125,6,6,12
813-8132126,12,9,21
813-8132129,59,58,117
813-8132138,5,7,12
813-8132140,4,9,13
813-8132141,6,7,13
813-8132143,27,36,63
813-8132159,17,22,39
813-8132174,38,46,84
813-8132180,40,32,72
813-8132181,12,19,31
813-8132567,24,34,58
813-8132568,20,28,48
813-8132890,20,23,43
813-8132907,28,31,59
813-8132940,20,22,42
813-8133055,13,12,25
813-8133056,16,19,35
813-8133057,24,12,36
813-8133058,16,16,32
813-8133063,7,8,15
813-8133064,14,12,26
813-8133067,2,6,8
813-8133071,15,19,34
813-8133073,4,2,6
813-8133074,6,15,21
813-8133076,12,7,19
813-8133077,2,4,6
813-8133078,5,6,11
813-8133320,7,10,17
813-8133322,6,6,12
813-8133323,11,20,31
813-8133324,14,4,18
813-8133325,18,24,42
813-8133326,29,30,59
813-8133330,5,3,8
813-8133508,28,18,46
813-8137020,4,8,12
815-8152000,14,16,30
815-8152001,16,8,24
815-8152002,9,7,16
815-8152003,16,15,31
815-8152004,4,10,14
815-8152005,6,8,14
815-8152007,0,0,0
815-8152040,2,1,3
815-8152041,3,6,9
815-8152042,1,1,2
815-8152043,2,1,3
815-8152047,2,4,6
815-8152060,7,4,11
815-8152061,5,4,9
815-8152063,1,3,4
815-8152064,14,19,33
815-8152065,16,12,28
815-8152074,20,22,42
815-8152075,5,7,12
815-8152076,31,32,63
815-8152080,20,19,39
815-8152081,3,2,5
815-8152083,4,3,7
815-8152096,2,2,4
815-8152097,20,20,40
815-8152098,0,1,1
815-8152108,25,21,46
815-8152112,25,30,55
815-8152114,27,28,55
815-8152117,63,54,117
815-8152120,42,44,86
815-8152132,4,7,11
815-8152133,1,0,1
815-8152138,2,0,2
815-8152139,25,25,50
815-8152150,0,3,3
815-8152151,6,6,12
815-8152154,14,15,29
815-8152163,10,9,19
815-8152164,18,17,35
815-8152165,9,6,15
815-8152166,13,24,37
815-8152167,15,13,28
815-8152170,12,15,27
815-8152171,7,11,18
815-8152173,27,31,58
815-8152183,22,27,49
815-8152186,7,9,16
815-8152188,27,28,55
815-8152190,18,11,29
815-8152197,11,10,21
815-8152206,15,17,32
815-8152212,10,12,22
815-8152217,13,13,26
815-8152221,7,3,10
815-8152222,29,26,55
815-8152223,33,28,61
815-8152224,13,19,32
815-8152225,16,19,35
815-8152228,17,12,29
815-8152233,11,22,33
815-8152236,4,8,12
815-8152237,18,14,32
815-8152242,9,13,22
815-8152245,9,18,27
815-8152246,15,12,27
815-8152247,6,4,10
815-8152249,12,12,24
815-8152250,3,0,3
815-8152252,10,14,24
815-8152256,5,4,9
815-8152257,12,18,30
815-8152301,4,8,12
815-8152302,7,10,17
815-8152305,7,7,14
815-8152309,9,10,19
815-8152310,11,8,19
815-8152312,7,0,7
815-8152314,13,7,20
815-8152316,11,7,18
815-8152317,9,5,14
815-8152320,7,0,7
815-8152321,5,0,5
815-8152324,6,4,10
815-8152327,1,4,5
815-8152328,17,25,42
815-8152329,19,20,39
815-8152330,5,10,15
815-8152332,20,21,41
815-8152333,34,33,67
815-8152335,4,5,9
815-8152336,3,7,10
815-8152337,10,12,22
815-8152338,7,5,12
815-8152343,3,2,5
815-8152346,11,8,19
815-8152347,7,2,9
815-8152348,11,2,13
815-8152350,6,7,13
815-8152351,26,19,45
815-8152354,4,8,12
815-8152355,0,0,0
815-8152356,14,18,32
815-8152357,16,11,27
815-8152358,6,7,13
815-8152359,14,16,30
815-8152360,4,6,10
815-8152363,12,16,28
815-8152364,39,33,72
815-8152365,14,17,31
815-8152367,14,17,31
815-8152368,24,17,41
815-8152372,13,38,51
815-8152376,39,36,75
815-8152377,27,30,57
815-8152380,16,16,32
815-8152381,15,22,37
815-8152382,28,32,60
815-8152383,14,9,23
815-8152388,11,13,24
815-8152389,8,23,31
815-8152390,17,19,36
815-8152391,17,8,25
815-8152392,6,8,14
815-8152393,18,25,43
815-8152400,13,13,26
815-8152401,22,32,54
815-8152402,10,16,26
815-8152403,18,15,33
815-8152404,10,7,17
815-8152405,4,2,6
815-8152406,4,6,10
815-8152407,8,7,15
815-8152408,29,43,72
815-8152410,14,17,31
815-8152411,9,6,15
815-8152413,34,34,68
815-8152418,17,11,28
815-8152421,21,16,37
815-8152422,4,7,11
815-8152424,21,29,50
815-8152426,18,21,39
815-8152427,26,34,60
815-8152430,9,14,23
815-8153000,2,4,6
815-8153001,2,7,9
815-8153005,3,0,3
815-8153006,3,1,4
815-8153008,0,2,2
815-8153009,7,2,9
815-8153010,24,29,53
815-8153012,0,0,0
815-8153015,10,21,31
815-8153016,5,0,5
815-8153020,7,5,12
815-8153021,11,6,17
815-8153022,6,9,15
815-8153025,2,6,8
815-8153027,3,5,8
815-8153030,0,2,2
815-8153034,0,0,0
815-8153035,4,4,8
815-8153039,1,1,2
815-8153040,5,4,9
815-8153045,2,1,3
815-8153046,5,5,10
815-8153050,6,2,8
815-8153053,14,10,24
815-8153054,5,0,5
815-8153055,8,7,15
815-8153057,6,2,8
815-8153060,2,3,5
815-8153062,5,5,10
815-8153065,2,3,5
815-8153068,12,7,19
815-8153069,7,5,12
815-8153076,1,3,4
815-8153079,11,12,23
815-8153088,4,2,6
815-8153090,7,5,12
815-8153099,3,3,6
815-8153101,2,4,6
815-8153108,2,4,6
815-8153109,3,8,11
815-8153110,4,3,7
815-8153113,5,10,15
815-8153117,8,11,19
815-8153119,2,2,4
815-8153120,6,8,14
815-8153122,7,1,8
815-8153124,1,1,2
815-8153126,12,6,18
815-8153130,4,3,7
815-8153133,2,2,4
815-8153139,12,5,17
815-8153150,11,7,18
815-8153153,12,8,20
815-8153155,11,10,21
815-8153160,4,5,9
815-8153161,3,4,7
815-8153163,5,4,9
815-8153165,7,8,15
815-8153207,0,0,0
815-8153208,0,4,4
815-8153210,18,27,45
815-8153223,4,5,9
815-8153225,8,4,12
815-8153226,4,6,10
815-8153227,10,10,20
815-8153228,0,0,0
815-8153231,20,33,53
815-8153232,5,9,14
815-8153233,6,2,8
815-8153234,2,2,4
815-8153235,1,5,6
815-8153236,19,13,32
815-8153237,8,2,10
815-8153238,1,2,3
815-8153240,6,6,12
815-8153241,4,8,12
815-8153242,2,6,8
815-8153243,2,5,7
815-8153244,10,9,19
815-8153245,8,9,17
815-8153247,24,16,40
815-8153248,9,7,16
815-8153249,5,4,9
815-8153251,20,11,31
815-8153252,6,2,8
815-8153253,6,7,13
815-8153255,2,2,4
815-8153256,2,1,3
815-8153257,13,15,28
815-8153258,6,3,9
815-8153260,6,3,9
815-8153261,11,5,16
815-8153262,18,13,31
815-8153263,30,34,64
815-8153264,2,9,11
815-8153266,5,7,12
815-8153267,7,8,15
815-8153268,20,24,44
815-8153270,14,17,31
815-8153271,5,5,10
815-8153272,1,3,4
815-8153273,13,10,23
815-8153274,16,17,33
815-8153275,7,3,10
815-8153276,3,6,9
815-8153277,2,4,6
815-8153278,14,15,29
815-8153282,13,7,20
815-8153285,9,9,18
815-8153287,11,8,19
815-8153288,13,14,27
815-8153289,3,3,6
815-8153291,7,6,13
815-8153301,5,10,15
815-8153304,1,3,4
815-8153306,2,0,2
815-8153307,9,15,24
815-8153308,1,1,2
815-8153315,9,6,15
815-8153319,5,4,9
815-8153320,4,0,4
815-8153326,20,21,41
815-8153331,3,4,7
815-8153335,0,0,0
815-8153336,0,0,0
815-8153337,5,2,7
815-8153350,6,3,9
815-8153351,9,3,12
815-8153352,1,2,3
815-8153354,11,7,18
815-8153355,10,6,16
815-8153356,1,2,3
815-8153357,2,6,8
815-8153360,4,9,13
815-8153361,8,6,14
815-8153362,4,9,13
815-8153363,3,6,9
815-8153368,18,21,39
815-8153369,10,7,17
815-8153371,17,14,31
815-8153372,11,8,19
815-8153373,15,12,27
815-8153376,3,5,8
815-8153377,16,20,36
815-8153378,15,16,31
815-8153600,1,11,12
815-8153602,2,3,5
815-8153609,7,8,15
815-8153610,10,5,15
815-8153614,15,15,30
815-8153615,16,14,30
815-8153616,8,1,9
815-8153620,6,7,13
815-8153631,7,6,13
815-8153902,3,8,11
815-8153903,18,27,45
815-8155200,1,1,2
815-8156019,0,0,0
815-8156041,0,0,0
815-8157000,0,2,2
815-8157002,0,0,0
815-8157004,0,2,2
815-8157009,1,5,6
815-8157015,1,1,2
815-8157017,4,4,8
815-8157022,3,6,9
815-8157024,1,1,2
815-8157027,3,2,5
815-8157029,1,9,10
815-8157030,1,0,1
816-8161100,0,8,8
816-8162000,20,23,43
816-8162001,28,31,59
816-8162002,31,40,71
816-8162004,15,9,24
816-8162007,18,28,46
816-8162008,17,27,44
816-8162011,27,31,58
816-8162012,19,24,43
816-8162013,24,35,59
816-8162014,25,25,50
816-8162015,29,29,58
816-8162016,22,27,49
816-8162017,34,36,70
816-8162018,26,34,60
816-8162020,12,11,23
816-8162021,20,10,30
816-8162024,9,13,22
816-8162027,24,25,49
816-8162028,25,14,39
816-8162029,32,31,63
816-8162058,26,23,49
816-8162169,6,5,11
816-8162176,21,23,44
816-8162180,29,32,61
816-8162227,5,8,13
816-8162240,14,21,35
816-8162241,18,28,46
816-8162349,7,3,10
816-8162428,24,13,37
816-8162429,16,13,29
816-8162430,42,36,78
816-8162431,17,14,31
816-8163002,13,11,24
816-8163003,10,14,24
816-8163151,15,14,29
816-8163152,13,7,20
816-8163156,20,19,39
816-8163158,17,15,32
816-8163159,5,7,12
816-8163212,35,47,82
816-8163222,9,8,17
816-8163229,25,38,63
816-8163302,10,10,20
816-8163380,16,17,33
816-8163401,19,12,31
816-8163402,10,14,24
816-8163403,16,23,39
816-8163904,21,38,59
816-8166012,0,0,0
816-8167033,3,9,12
821-8212001,24,29,53
821-8212002,25,30,55
821-8212003,43,47,90
821-8212004,45,65,110
821-8212005,33,39,72
821-8212006,28,22,50
821-8212007,43,47,90
821-8212008,27,31,58
821-8212225,44,46,90
821-8212229,41,48,89
821-8212231,40,49,89
821-8212237,46,41,87
821-8212239,29,23,52
821-8212243,65,54,119
821-8212244,44,35,79
821-8212246,33,37,70
821-8212249,37,51,88
821-8212250,47,39,86
821-8212252,65,83,148
821-8212254,50,63,113
821-8212256,37,47,84
821-8212259,75,72,147
821-8212263,43,40,83
821-8212266,34,31,65
821-8212267,30,30,60
821-8212268,21,23,44
821-8212270,48,37,85
821-8212271,35,55,90
821-8212272,38,48,86
821-8212273,26,29,55
821-8212283,26,33,59
821-8212293,31,29,60
821-8212295,67,53,120
821-8213354,43,41,84
821-8213355,42,39,81
821-8213356,67,52,119
821-8213360,28,31,59
821-8213361,34,22,56
821-8213363,62,56,118
821-8216004,0,0,0
821-8216010,0,0,0
821-8216011,0,0,0
821-8217014,6,23,29
821-8217016,4,9,13
822-8221104,2,0,2
822-8222002,0,0,0
822-8222003,0,0,0
822-8222006,22,27,49
822-8222007,20,20,40
822-8222013,16,12,28
822-8222014,50,35,85
822-8222035,14,15,29
822-8222036,1,6,7
822-8222041,7,5,12
822-8222045,30,29,59
822-8222048,7,7,14
822-8222054,14,16,30
822-8222061,34,24,58
822-8222062,26,32,58
822-8222064,32,29,61
822-8222135,5,3,8
822-8222141,17,13,30
822-8222147,47,43,90
822-8222150,33,26,59
822-8222156,59,57,116
822-8222163,23,28,51
822-8222173,27,33,60
822-8222183,30,26,56
822-8222211,23,33,56
822-8222287,4,7,11
822-8222294,33,27,60
822-8223023,5,8,13
822-8223024,39,21,60
822-8223327,7,6,13
822-8223328,16,15,31
822-8223329,5,3,8
822-8223332,5,3,8
822-8223334,21,8,29
822-8223350,33,27,60
822-8223352,27,32,59
822-8224000,0,0,0
822-8224004,0,0,0
822-8224035,0,0,0
822-8224050,0,0,0
822-8224072,0,2,2
822-8224098,0,0,0
822-8224601,33,35,68
822-8224604,0,0,0
822-8225205,6,6,12
822-8225404,0,0,0
822-8225951,9,10,19
822-8227005,0,2,2
822-8227012,4,3,7
823-8232005,28,23,51
823-8232006,18,23,41
823-8232008,4,6,10
823-8232032,15,9,24
823-8232040,27,25,52
823-8232042,8,17,25
823-8232047,2,5,7
823-8232058,24,17,41
823-8232149,14,13,27
823-8232166,12,17,29
823-8232168,25,35,60
823-8232192,26,35,61
823-8232202,27,26,53
823-8232209,28,26,54
823-8232217,27,17,44
823-8232279,16,20,36
823-8232285,14,15,29
823-8233012,13,17,30
823-8233302,2,1,3
823-8233346,10,17,27
823-8233348,15,15,30
823-8233353,26,28,54
823-8234004,0,0,0
823-8234006,23,41,64
823-8234007,0,0,0
823-8234033,0,0,0
823-8234034,0,0,0
823-8234038,0,0,0
823-8234040,0,0,0
823-8234043,0,0,0
823-8234054,0,0,0
823-8234056,23,16,39
823-8234073,0,0,0
823-8234077,0,0,0
823-8234092,0,0,0
823-8234099,0,0,0
823-8234117,0,0,0
823-8234120,0,0,0
823-8234502,0,0,0
823-8234503,0,0,0
823-8235202,15,15,30
823-8235408,0,0,0
823-8236000,0,0,0
823-8236007,0,0,0
823-8236019,0,0,0
823-8237006,1,2,3
823-8237009,3,10,13
823-8237017,4,19,23
823-8237018,0,0,0
825-8251112,0,3,3
825-8252000,34,28,62
825-8252001,34,25,59
825-8252002,31,27,58
825-8252005,16,14,30
825-8252006,31,27,58
825-8252007,0,0,0
825-8252008,11,9,20
825-8252009,26,34,60
825-8252010,12,5,17
825-8252013,13,12,25
825-8252015,9,4,13
825-8252017,11,12,23
825-8252018,14,14,28
825-8252019,17,13,30
825-8252020,7,2,9
825-8252023,27,23,50
825-8252024,19,20,39
825-8252025,0,0,0
825-8252033,16,17,33
825-8252035,18,10,28
825-8252038,10,14,24
825-8252039,0,0,0
825-8252055,8,14,22
825-8252060,12,4,16
825-8252061,27,30,57
825-8252068,14,14,28
825-8252071,18,12,30
825-8252107,16,9,25
825-8252108,13,15,28
825-8252123,5,13,18
825-8252126,11,18,29
825-8252132,15,16,31
825-8252142,30,26,56
825-8252143,26,33,59
825-8252152,28,30,58
825-8252153,20,14,34
825-8252157,25,30,55
825-8252162,33,27,60
825-8252167,10,17,27
825-8252168,24,34,58
825-8252169,52,68,120
825-8252181,23,33,56
825-8252182,23,36,59
825-8252184,26,21,47
825-8252186,26,34,60
825-8252197,15,16,31
825-8252199,29,30,59
825-8252200,37,21,58
825-8252203,32,31,63
825-8252204,29,27,56
825-8252205,25,35,60
825-8252219,27,31,58
825-8252220,34,28,62
825-8252225,26,34,60
825-8252226,26,34,60
825-8252228,12,11,23
825-8252229,34,28,62
825-8252233,5,9,14
825-8252235,20,26,46
825-8252242,14,10,24
825-8252245,44,40,84
825-8252250,33,26,59
825-8252251,13,17,30
825-8252254,17,13,30
825-8252255,20,11,31
825-8252258,14,8,22
825-8252261,17,13,30
825-8252263,28,29,57
825-8252269,35,51,86
825-8252276,29,34,63
825-8252280,42,48,90
825-8252282,26,32,58
825-8252286,45,44,89
825-8252288,45,45,90
825-8252292,25,30,55
825-8252317,18,14,32
825-8252333,17,12,29
825-8252335,26,30,56
825-8252340,35,52,87
825-8252345,15,14,29
825-8252352,23,33,56
825-8252354,33,26,59
825-8252507,11,19,30
825-8253008,11,14,25
825-8253012,13,9,22
825-8253014,6,11,17
825-8253015,7,2,9
825-8253017,21,11,32
825-8253020,33,27,60
825-8253022,18,23,41
825-8253023,22,8,30
825-8253025,23,18,41
825-8253028,14,14,28
825-8253029,45,45,90
825-8253030,9,19,28
825-8253031,16,10,26
825-8253034,18,13,31
825-8253036,36,48,84
825-8253038,12,12,24
825-8253040,22,34,56
825-8253043,12,11,23
825-8253046,14,18,32
825-8253053,24,21,45
825-8253056,5,7,12
825-8253061,15,15,30
825-8253063,14,11,25
825-8253065,4,6,10
825-8253072,14,11,25
825-8253074,10,14,24
825-8253100,4,8,12
825-8253101,22,27,49
825-8253102,15,16,31
825-8253305,10,20,30
825-8253309,12,15,27
825-8253320,32,17,49
825-8253322,40,45,85
825-8253326,12,17,29
825-8253328,26,34,60
825-8253329,3,3,6
825-8253330,12,7,19
825-8253333,13,19,32
825-8253334,15,15,30
825-8253335,0,0,0
825-8253336,30,16,46
825-8253339,5,8,13
825-8253342,17,15,32
825-8253346,19,12,31
825-8253347,39,47,86
825-8253361,20,13,33
825-8253367,32,34,66
825-8253371,32,30,62
825-8253375,18,14,32
825-8253376,16,14,30
825-8253377,30,32,62
825-8254701,35,25,60
825-8255200,28,21,49
825-8255201,10,17,27
825-8255202,47,39,86
825-8255204,32,43,75
825-8255205,34,30,64
825-8255206,13,17,30
825-8255208,36,24,60
825-8255210,21,39,60
825-8256000,0,0,0
825-8256016,0,0,0
825-8256023,0,0,0
825-8256028,0,0,0
825-8256031,0,0,0
825-8256905,29,30,59
825-8257013,14,15,29
825-8257018,0,2,2
825-8257023,0,5,5
825-8257028,12,13,25
825-8257035,2,5,7
826-8261107,0,2,2
826-8262000,31,27,58
826-8262002,51,52,103
826-8262003,21,38,59
826-8262004,47,48,95
826-8262005,19,24,43
826-8262007,29,31,60
826-8262008,33,27,60
826-8262012,22,36,58
826-8262016,47,43,90
826-8262017,36,23,59
826-8262018,14,16,30
826-8262019,40,49,89
826-8262020,32,19,51
826-8262021,7,8,15
826-8262024,0,0,0
826-8262025,47,32,79
826-8262042,12,20,32
826-8262067,10,14,24
826-8262076,31,28,59
826-8262121,65,54,119
826-8262133,55,38,93
826-8262185,22,24,46
826-8262231,29,14,43
826-8262238,11,18,29
826-8262281,57,61,118
826-8262284,25,28,53
826-8262285,26,30,56
826-8262299,32,28,60
826-8262301,39,49,88
826-8262303,26,34,60
826-8262305,25,30,55
826-8262309,44,45,89
826-8262323,21,27,48
826-8262327,21,31,52
826-8262330,25,31,56
826-8262331,76,65,141
826-8262332,66,54,120
826-8262336,34,26,60
826-8262337,25,21,46
826-8262346,17,29,46
826-8262348,20,20,40
826-8262351,16,27,43
826-8262353,43,74,117
826-8263000,23,21,44
826-8263058,8,7,15
826-8263348,42,47,89
826-8263369,13,18,31
826-8263376,34,26,60
826-8263377,13,16,29
826-8263378,36,24,60
826-8263379,19,19,38
826-8263383,32,28,60
826-8263384,8,8,16
826-8263388,47,46,93
826-8263389,32,33,65
826-8263390,12,6,18
826-8263391,65,56,121
826-8263392,26,36,62
826-8264703,17,13,30
826-8265207,84,86,170
826-8265208,26,32,58
826-8267009,1,7,8
826-8267015,0,11,11
826-8267021,4,10,14
826-8267026,3,10,13
826-8267034,5,6,11
830-8301102,0,0,0
830-8301106,0,1,1
830-8301111,0,0,0
830-8302000,21,21,42
830-8302001,10,20,30
830-8302003,23,23,46
830-8302004,3,9,12
830-8302005,8,8,16
830-8302007,36,24,60
830-8302010,37,26,63
830-8302011,18,20,38
830-8302012,17,13,30
830-8302013,28,27,55
830-8302014,6,4,10
830-8302015,26,30,56
830-8302017,17,15,32
830-8302018,18,12,30
830-8302019,9,4,13
830-8302020,8,11,19
830-8302021,5,5,10
830-8302022,17,9,26
830-8302023,7,12,19
830-8302024,14,17,31
830-8302025,31,26,57
830-8302026,14,22,36
830-8302027,6,6,12
830-8302029,33,28,61
830-8302030,14,11,25
830-8302032,28,34,62
830-8302033,15,26,41
830-8302034,0,0,0
830-8302041,10,5,15
830-8302043,11,13,24
830-8302044,4,8,12
830-8302045,15,21,36
830-8302046,4,11,15
830-8302049,5,7,12
830-8302050,9,7,16
830-8302051,2,3,5
830-8302052,7,4,11
830-8302053,28,28,56
830-8302055,35,38,73
830-8302058,24,25,49
830-8302060,29,25,54
830-8302062,29,23,52
830-8302072,7,6,13
830-8302076,9,15,24
830-8302079,46,49,95
830-8302082,5,8,13
830-8302083,6,5,11
830-8302084,4,9,13
830-8302085,11,10,21
830-8302086,14,17,31
830-8302089,45,41,86
830-8302092,11,17,28
830-8302093,24,10,34
830-8302097,5,9,14
830-8302101,13,17,30
830-8302102,20,9,29
830-8302103,6,4,10
830-8302104,22,28,50
830-8302105,17,23,40
830-8302106,5,4,9
830-8302107,11,17,28
830-8302109,7,9,16
830-8302113,13,16,29
830-8302115,13,14,27
830-8302119,22,29,51
830-8302124,15,24,39
830-8302126,19,12,31
830-8302127,12,29,41
830-8302131,1,0,1
830-8302132,1,7,8
830-8302133,15,7,22
830-8302138,26,44,70
830-8302141,42,43,85
830-8302142,27,34,61
830-8302143,27,32,59
830-8302148,23,11,34
830-8302150,14,24,38
830-8302153,8,20,28
830-8302157,31,28,59
830-8302160,29,29,58
830-8302161,14,27,41
830-8302169,3,5,8
830-8302172,16,15,31
830-8302173,5,3,8
830-8302174,24,37,61
830-8302177,6,3,9
830-8302178,5,7,12
830-8302179,15,15,30
830-8302180,4,10,14
830-8302181,2,6,8
830-8302182,4,5,9
830-8302185,23,23,46
830-8302186,16,15,31
830-8302187,1,2,3
830-8302190,14,9,23
830-8302191,10,23,33
830-8302193,32,28,60
830-8302196,17,11,28
830-8302201,23,34,57
830-8302205,8,5,13
830-8302211,2,8,10
830-8302212,8,7,15
830-8302213,6,8,14
830-8302217,6,7,13
830-8302219,6,12,18
830-8302223,14,14,28
830-8302224,11,6,17
830-8302228,54,53,107
830-8302229,8,5,13
830-8302233,4,3,7
830-8302239,14,19,33
830-8302240,7,6,13
830-8302243,12,13,25
830-8302244,8,1,9
830-8302245,2,8,10
830-8302253,35,54,89
830-8302255,10,5,15
830-8302257,30,20,50
830-8302259,18,17,35
830-8302260,4,9,13
830-8302265,22,28,50
830-8302266,6,7,13
830-8302268,17,25,42
830-8302269,5,9,14
830-8302270,20,18,38
830-8302272,6,4,10
830-8302274,24,26,50
830-8302275,24,15,39
830-8302277,10,3,13
830-8302279,6,3,9
830-8302283,15,14,29
830-8302286,24,18,42
830-8302288,39,56,95
830-8302290,28,13,41
830-8302291,12,17,29
830-8302293,32,28,60
830-8302295,34,31,65
830-8302296,12,18,30
830-8302299,9,15,24
830-8302310,14,13,27
830-8302315,12,9,21
830-8302317,34,38,72
830-8302321,14,14,28
830-8302328,12,24,36
830-8302329,26,33,59
830-8302332,15,18,33
830-8302333,1,1,2
830-8302340,37,43,80
830-8302344,24,23,47
830-8302349,27,37,64
830-8302354,19,21,40
830-8302359,21,11,32
830-8302361,18,14,32
830-8302363,23,36,59
830-8302368,13,16,29
830-8302370,63,57,120
830-8302371,12,15,27
830-8302372,8,14,22
830-8302373,19,15,34
830-8302376,35,24,59
830-8302510,6,9,15
830-8302511,16,15,31
830-8302517,23,19,42
830-8302618,28,25,53
830-8302621,14,14,28
830-8302622,18,24,42
830-8302623,6,8,14
830-8302624,14,26,40
830-8302625,9,5,14
830-8302626,18,12,30
830-8302630,5,11,16
830-8302631,18,24,42
830-8303002,7,4,11
830-8303007,8,9,17
830-8303008,6,8,14
830-8303009,11,6,17
830-8303015,5,0,5
830-8303017,4,8,12
830-8303018,7,6,13
830-8303019,26,27,53
830-8303022,1,2,3
830-8303024,5,9,14
830-8303025,16,11,27
830-8303026,8,5,13
830-8303027,10,3,13
830-8303030,1,0,1
830-8303033,1,2,3
830-8303034,7,5,12
830-8303035,6,14,20
830-8303036,23,15,38
830-8303037,2,5,7
830-8303038,5,5,10
830-8303039,4,2,6
830-8303040,3,2,5
830-8303041,3,2,5
830-8303042,8,5,13
830-8303049,8,11,19
830-8303050,21,23,44
830-8303055,6,8,14
830-8303056,3,6,9
830-8303060,3,6,9
830-8303061,4,4,8
830-8303062,5,1,6
830-8303064,2,9,11
830-8303065,6,3,9
830-8303066,31,23,54
830-8303068,7,10,17
830-8303069,4,3,7
830-8303070,3,3,6
830-8303071,9,2,11
830-8303073,2,2,4
830-8303074,5,7,12
830-8303075,7,5,12
830-8303076,3,3,6
830-8303077,13,10,23
830-8303079,3,2,5
830-8303080,27,19,46
830-8303082,10,9,19
830-8303083,10,5,15
830-8303086,17,14,31
830-8303087,11,10,21
830-8303088,7,1,8
830-8303090,1,4,5
830-8303092,12,6,18
830-8303093,1,2,3
830-8303094,4,5,9
830-8303095,11,11,22
830-8303097,12,7,19
830-8303098,5,4,9
830-8303099,1,3,4
830-8303101,47,37,84
830-8303105,4,0,4
830-8303107,21,20,41
830-8303110,25,39,64
830-8303151,4,10,14
830-8303156,9,10,19
830-8303157,19,14,33
830-8303160,8,12,20
830-8303161,43,30,73
830-8303162,13,11,24
830-8303163,9,10,19
830-8303164,10,17,27
830-8303306,3,5,8
830-8303312,6,5,11
830-8303315,7,10,17
830-8303316,11,15,26
830-8303317,7,2,9
830-8303319,13,6,19
830-8303321,11,11,22
830-8303324,2,3,5
830-8303325,3,14,17
830-8303326,7,6,13
830-8303331,10,2,12
830-8303337,5,9,14
830-8303338,5,8,13
830-8303340,7,6,13
830-8303342,11,3,14
830-8303501,25,21,46
830-8303502,23,37,60
830-8303503,19,15,34
830-8303504,7,6,13
830-8303505,16,15,31
830-8303506,15,10,25
830-8303508,22,13,35
830-8303509,10,7,17
830-8303513,15,15,30
830-8303516,14,12,26
830-8303518,13,19,32
830-8303519,23,20,43
830-8303521,2,0,2
830-8303522,7,18,25
830-8303523,13,10,23
830-8303538,8,7,15
830-8303540,8,7,15
830-8303541,20,20,40
830-8303546,30,29,59
830-8303547,10,16,26
830-8303549,11,9,20
830-8303550,21,38,59
830-8303551,26,30,56
830-8305200,12,38,50
830-8305202,17,16,33
830-8305204,17,19,36
830-8305205,22,12,34
830-8305206,15,17,32
830-8305207,9,12,21
830-8305208,15,14,29
830-8305210,46,45,91
830-8305211,16,17,33
830-8306015,0,0,0
830-8306039,0,0,0
830-8307000,0,4,4
830-8307001,1,16,17
830-8307005,0,4,4
830-8307006,3,7,10
830-8307009,2,3,5
830-8307012,2,7,9
830-8307014,1,7,8
830-8307017,1,3,4
830-8307018,0,6,6
830-8307019,2,2,4
831-8311104,0,3,3
831-8312000,19,23,42
831-8312001,26,28,54
831-8312002,26,38,64
831-8312003,19,12,31
831-8312004,25,24,49
831-8312005,28,28,56
831-8312006,22,22,44
831-8312007,24,36,60
831-8312008,19,16,35
831-8312009,12,25,37
831-8312010,11,18,29
831-8312011,15,15,30
831-8312012,31,29,60
831-8312014,0,0,0
831-8312016,13,16,29
831-8312017,40,48,88
831-8312018,31,26,57
831-8312019,40,46,86
831-8312405,16,12,28
831-8312409,39,41,80
831-8312420,43,46,89
831-8312430,7,10,17
831-8312432,34,32,66
831-8312434,40,45,85
831-8312436,32,28,60
831-8312440,41,42,83
831-8312442,48,42,90
831-8312451,47,41,88
831-8312452,11,14,25
831-8312457,39,50,89
831-8312459,31,24,55
831-8312463,39,42,81
831-8312464,18,12,30
831-8312466,18,20,38
831-8312467,24,35,59
831-8312469,30,30,60
831-8312471,32,57,89
831-8312505,44,40,84
831-8312509,18,20,38
831-8312512,9,20,29
831-8312518,34,27,61
831-8312522,28,36,64
831-8312627,31,28,59
831-8312629,32,44,76
831-8313528,28,23,51
831-8313530,20,25,45
831-8313531,25,23,48
831-8313532,17,28,45
831-8313534,30,34,64
831-8313535,28,44,72
831-8313542,23,29,52
831-8313543,23,23,46
831-8313544,45,45,90
831-8313546,55,35,90
831-8314000,26,20,46
831-8314177,15,13,28
831-8315201,26,39,65
831-8315203,68,58,126
831-8315209,32,33,65
831-8316006,0,0,0
831-8317023,4,6,10
831-8317024,6,9,15
831-8317026,4,4,8
835-8351100,0,0,0
835-8351101,0,0,0
835-8351102,0,0,0
835-8351105,0,1,1
835-8352001,9,11,20
835-8352002,16,17,33
835-8352003,29,32,61
835-8352004,11,20,31
835-8352006,1,4,5
835-8352007,7,6,13
835-8352008,11,13,24
835-8352010,5,7,12
835-8352014,15,15,30
835-8352016,31,20,51
835-8352017,31,32,63
835-8352018,0,0,0
835-8352022,7,11,18
835-8352024,31,33,64
835-8352029,18,22,40
835-8352030,2,9,11
835-8352034,16,12,28
835-8352035,13,15,28
835-8352042,17,22,39
835-8352044,42,47,89
835-8352201,32,28,60
835-8352213,27,15,42
835-8352214,28,37,65
835-8352216,15,18,33
835-8352240,61,63,124
835-8352243,22,24,46
835-8352246,17,17,34
835-8352247,28,38,66
835-8352253,21,12,33
835-8353001,22,9,31
835-8353002,21,36,57
835-8353004,12,18,30
835-8353005,7,7,14
835-8353006,19,10,29
835-8353007,11,6,17
835-8353010,10,3,13
835-8353021,10,12,22
835-8353028,23,24,47
835-8353030,6,5,11
835-8353032,17,12,29
835-8353045,2,6,8
835-8353047,14,17,31
835-8353049,11,6,17
835-8353050,8,4,12
835-8353051,3,10,13
835-8353052,30,29,59
835-8353058,8,14,22
835-8353202,50,38,88
835-8353207,21,16,37
835-8353304,16,13,29
835-8353314,9,14,23
835-8353319,8,9,17
835-8353321,2,7,9
835-8353323,11,9,20
835-8353331,8,8,16
835-8353332,4,8,12
835-8353337,7,7,14
835-8353338,5,4,9
835-8353342,9,9,18
835-8353343,17,12,29
835-8353345,11,9,20
835-8353348,3,2,5
835-8353352,5,5,10
835-8353363,13,16,29
835-8353364,6,11,17
835-8353367,6,9,15
835-8353369,8,7,15
835-8353372,31,23,54
835-8353381,4,6,10
835-8353400,13,14,27
835-8353401,9,16,25
835-8353402,6,1,7
835-8353403,10,8,18
835-8353405,16,12,28
835-8353406,16,11,27
835-8353407,8,18,26
835-8353408,27,32,59
835-8353651,3,8,11
835-8353652,17,12,29
835-8353655,18,12,30
835-8353670,19,11,30
835-8353690,19,13,32
835-8353691,11,21,32
835-8353693,15,13,28
835-8353696,8,6,14
835-8353699,42,55,97
835-8353700,49,40,89
835-8353701,29,30,59
835-8353702,7,7,14
835-8354007,28,32,60
835-8354008,21,18,39
835-8354020,0,0,0
835-8354029,0,0,0
835-8354031,0,0,0
835-8354033,0,0,0
835-8354034,0,0,0
835-8354184,0,0,0
835-8354604,0,0,0
835-8354606,0,0,0
835-8354614,0,0,0
835-8354802,0,0,0
835-8355201,13,16,29
835-8355203,5,10,15
835-8355950,1,9,10
835-8355953,1,8,9
835-8357000,2,5,7
835-8357007,2,2,4
835-8357008,2,4,6
835-8357019,2,6,8
836-8361100,0,0,0
836-8362001,47,42,89
836-8362002,20,14,34
836-8362003,23,28,51
836-8362168,40,47,87
836-8362170,35,32,67
836-8362171,50,66,116
836-8362176,53,63,116
836-8362254,39,40,79
836-8362259,53,51,104
836-8362264,11,21,32
836-8363152,39,50,89
836-8363211,76,107,183
836-8363600,42,42,84
836-8363611,29,30,59
836-8363612,33,25,58
836-8363614,26,13,39
836-8363615,18,26,44
836-8364002,0,0,0
836-8365951,3,1,4
836-8366004,0,0,0
836-8367004,1,2,3
836-8367005,2,10,12
836-8367015,0,6,6
836-8367016,1,1,2
837-8372000,68,76,144
837-8372001,42,22,64
837-8372002,30,28,58
837-8372003,50,27,77
837-8372007,47,42,89
837-8372225,19,23,42
837-8372226,50,38,88
837-8372227,31,28,59
837-8372231,66,72,138
837-8372258,47,60,107
837-8372266,55,65,120
837-8372267,11,13,24
837-8372269,41,49,90
837-8373205,31,58,89
837-8373675,29,30,59
837-8373678,27,33,60
837-8373679,48,49,97
837-8373680,34,29,63
837-8373681,32,28,60
837-8373683,47,42,89
837-8373684,28,34,62
837-8373686,29,23,52
837-8373692,25,36,61
837-8375200,36,53,89
837-8375404,0,0,0
837-8375408,0,0,0
837-8377012,3,11,14
837-8377021,2,7,9
840-8400611,0,0,0
840-8401100,0,0,0
840-8402000,12,23,35
840-8402001,20,21,41
840-8402002,27,16,43
840-8402003,16,13,29
840-8402004,12,19,31
840-8402005,19,14,33
840-8402008,28,30,58
840-8402009,10,5,15
840-8402010,15,20,35
840-8402015,8,7,15
840-8402016,7,19,26
840-8402017,13,13,26
840-8402018,11,22,33
840-8402019,21,11,32
840-8402021,14,17,31
840-8402023,19,19,38
840-8402043,16,18,34
840-8402105,11,13,24
840-8402107,14,18,32
840-8402114,4,5,9
840-8402116,3,2,5
840-8402125,20,18,38
840-8402126,16,13,29
840-8402133,24,35,59
840-8402136,17,16,33
840-8402146,10,10,20
840-8402185,4,4,8
840-8402205,3,4,7
840-8402208,10,11,21
840-8402210,12,17,29
840-8402212,19,9,28
840-8402217,17,17,34
840-8402226,18,17,35
840-8402232,15,14,29
840-8402233,14,12,26
840-8402234,25,28,53
840-8402257,25,31,56
840-8402259,15,14,29
840-8402261,8,1,9
840-8402266,3,13,16
840-8402269,10,14,24
840-8402272,16,17,33
840-8402276,5,11,16
840-8402277,22,22,44
840-8402301,1,5,6
840-8402302,12,11,23
840-8402307,4,3,7
840-8402308,26,26,52
840-8402310,16,13,29
840-8402311,2,3,5
840-8402313,6,14,20
840-8402316,6,3,9
840-8402318,4,6,10
840-8402319,0,5,5
840-8402321,1,1,2
840-8402322,1,1,2
840-8402324,3,2,5
840-8402326,12,18,30
840-8402328,13,2,15
840-8402329,15,18,33
840-8402330,11,11,22
840-8402351,6,11,17
840-8402357,14,28,42
840-8402361,5,10,15
840-8402362,12,8,20
840-8402368,6,7,13
840-8402370,11,12,23
840-8402372,14,21,35
840-8402374,5,6,11
840-8402379,12,15,27
840-8402385,10,11,21
840-8402388,16,18,34
840-8402394,17,21,38
840-8402397,11,19,30
840-8402399,9,7,16
840-8402400,15,14,29
840-8402401,28,18,46
840-8402409,5,7,12
840-8402410,0,1,1
840-8402411,15,10,25
840-8402413,1,4,5
840-8402417,17,14,31
840-8402419,13,10,23
840-8402423,15,15,30
840-8402426,13,14,27
840-8402428,4,3,7
840-8402430,13,9,22
840-8402433,20,25,45
840-8402438,24,35,59
840-8402440,8,9,17
840-8402442,11,14,25
840-8402453,8,12,20
840-8402455,22,9,31
840-8402462,15,9,24
840-8402470,11,14,25
840-8402472,3,9,12
840-8402473,10,9,19
840-8402475,12,11,23
840-8402477,7,8,15
840-8402481,23,18,41
840-8402497,19,11,30
840-8402498,8,8,16
840-8402499,8,8,16
840-8402509,10,6,16
840-8402516,5,9,14
840-8402523,14,9,23
840-8402526,10,13,23
840-8402528,30,27,57
840-8402532,10,12,22
840-8402536,21,25,46
840-8402563,18,13,31
840-8402593,15,15,30
840-8402704,11,13,24
840-8402705,4,7,11
840-8402706,16,13,29
840-8402729,10,7,17
840-8402733,8,6,14
840-8402734,33,22,55
840-8402737,18,16,34
840-8402742,20,29,49
840-8402743,25,28,53
840-8402744,10,13,23
840-8402745,20,14,34
840-8402746,25,38,63
840-8402747,14,16,30
840-8402748,16,15,31
840-8402749,10,12,22
840-8402750,17,17,34
840-8402751,19,12,31
840-8402943,31,29,60
840-8403031,24,22,46
840-8403063,7,5,12
840-8403085,18,8,26
840-8403087,9,9,18
840-8403121,9,31,40
840-8403123,15,17,32
840-8403130,4,3,7
840-8403131,1,7,8
840-8403134,3,6,9
840-8403141,15,13,28
840-8403161,27,16,43
840-8403165,5,14,19
840-8403167,16,13,29
840-8403168,19,42,61
840-8403182,8,9,17
840-8403183,10,4,14
840-8403213,17,18,35
840-8403300,16,12,28
840-8403301,12,20,32
840-8403303,2,3,5
840-8403343,17,12,29
840-8403344,4,9,13
840-8403346,18,11,29
840-8403381,12,18,30
840-8403382,11,13,24
840-8403384,11,10,21
840-8403401,19,10,29
840-8403403,9,6,15
840-8403404,23,27,50
840-8403406,7,7,14
840-8403407,12,14,26
840-8403409,7,12,19
840-8403411,15,16,31
840-8403413,16,7,23
840-8403421,19,11,30
840-8403425,7,9,16
840-8403441,9,9,18
840-8403442,12,7,19
840-8403444,10,19,29
840-8403461,5,10,15
840-8403462,14,14,28
840-8403465,9,7,16
840-8403469,7,4,11
840-8403470,18,13,31
840-8403471,11,15,26
840-8403472,9,13,22
840-8403481,5,7,12
840-8403483,9,7,16
840-8403485,15,13,28
840-8403486,15,16,31
840-8403488,9,2,11
840-8403489,14,9,23
840-8403491,36,28,64
840-8403492,7,4,11
840-8403501,12,6,18
840-8403502,7,5,12
840-8403504,5,7,12
840-8403505,3,6,9
840-8403506,2,3,5
840-8403507,7,10,17
840-8403510,20,18,38
840-8403511,4,1,5
840-8403513,12,18,30
840-8403516,13,9,22
840-8403517,40,33,73
840-8403518,11,16,27
840-8403519,15,10,25
840-8403520,26,24,50
840-8403522,21,18,39
840-8403523,17,12,29
840-8403524,22,27,49
840-8403525,10,24,34
840-8403526,22,22,44
840-8403527,22,27,49
840-8406010,0,0,0
840-8407013,1,6,7
840-8407014,4,9,13
840-8407028,1,4,5
840-8407029,4,9,13
840-8407032,7,12,19
840-8407034,13,26,39
841-8412001,17,27,44
841-8412002,28,30,58
841-8412005,36,46,82
841-8412006,29,25,54
841-8412008,24,23,47
841-8412009,17,28,45
841-8412647,47,45,92
841-8412648,12,18,30
841-8412656,13,16,29
841-8412659,6,23,29
841-8412663,29,32,61
841-8412669,13,10,23
841-8412670,43,44,87
841-8412732,12,18,30
841-8412740,31,30,61
841-8413002,21,8,29
841-8413132,24,19,43
841-8413133,6,7,13
841-8413211,7,2,9
841-8413306,16,14,30
841-8413307,9,21,30
841-8413308,16,15,31
841-8413309,27,17,44
841-8413512,18,15,33
841-8413514,23,26,49
841-8413515,50,42,92
841-8413517,42,46,88
841-8416000,21,27,48
841-8416007,0,0,0
841-8417000,1,7,8
841-8417031,3,6,9
845-8450611,0,0,0
845-8451111,0,2,2
845-8452001,32,26,58
845-8452002,21,27,48
845-8452003,25,32,57
845-8452004,24,35,59
845-8452005,25,37,62
845-8452006,17,19,36
845-8452007,29,31,60
845-8452008,0,0,0
845-8452009,0,0,0
845-8452010,10,19,29
845-8452011,31,22,53
845-8452012,37,38,75
845-8452013,31,28,59
845-8452016,32,28,60
845-8452017,20,37,57
845-8452019,21,27,48
845-8452020,28,32,60
845-8452021,15,21,36
845-8452022,0,0,0
845-8452023,14,10,24
845-8452024,14,11,25
845-8452025,18,28,46
845-8452050,5,8,13
845-8452054,12,8,20
845-8452055,12,12,24
845-8452056,8,7,15
845-8452057,20,42,62
845-8452059,49,41,90
845-8452060,2,10,12
845-8452061,9,10,19
845-8452062,19,10,29
845-8452071,5,10,15
845-8452072,35,31,66
845-8452073,16,12,28
845-8452074,12,20,32
845-8452076,10,12,22
845-8452078,6,12,18
845-8452082,4,6,10
845-8452083,19,21,40
845-8452084,14,16,30
845-8452087,44,43,87
845-8452088,40,46,86
845-8452089,19,11,30
845-8452090,31,30,61
845-8452091,9,5,14
845-8452092,12,12,24
845-8452094,31,26,57
845-8452095,11,19,30
845-8452099,41,50,91
845-8452103,18,13,31
845-8452104,32,26,58
845-8452105,26,35,61
845-8452107,29,31,60
845-8452112,25,35,60
845-8452115,9,10,19
845-8452120,35,24,59
845-8452127,43,47,90
845-8452130,43,45,88
845-8452131,44,49,93
845-8452140,23,36,59
845-8452143,38,52,90
845-8452145,47,41,88
845-8452148,12,14,26
845-8452149,11,19,30
845-8452151,25,33,58
845-8452153,35,21,56
845-8452154,32,28,60
845-8452160,17,13,30
845-8452161,33,27,60
845-8452162,28,32,60
845-8452166,11,18,29
845-8452169,36,28,64
845-8452170,18,20,38
845-8453002,6,14,20
845-8453003,33,32,65
845-8453004,10,8,18
845-8453006,21,9,30
845-8453009,10,15,25
845-8453011,13,10,23
845-8453012,7,9,16
845-8453013,11,15,26
845-8453015,12,21,33
845-8453016,10,8,18
845-8453017,7,7,14
845-8453018,6,10,16
845-8453019,8,16,24
845-8453022,6,5,11
845-8453023,6,7,13
845-8453026,5,6,11
845-8453028,21,16,37
845-8453029,5,10,15
845-8453032,19,15,34
845-8453033,3,11,14
845-8453035,9,6,15
845-8453040,11,20,31
845-8453041,22,31,53
845-8453042,5,6,11
845-8453043,12,10,22
845-8453045,11,9,20
845-8453046,7,14,21
845-8453047,11,5,16
845-8453048,8,5,13
845-8453049,4,7,11
845-8453050,26,29,55
845-8453051,12,1,13
845-8453055,11,15,26
845-8453058,17,15,32
845-8453062,7,9,16
845-8453063,6,9,15
845-8453068,10,8,18
845-8453071,3,3,6
845-8453072,11,5,16
845-8453074,16,15,31
845-8453076,11,4,15
845-8453077,18,10,28
845-8453080,11,4,15
845-8453081,10,31,41
845-8453090,48,41,89
845-8453320,10,6,16
845-8453322,17,13,30
845-8453323,8,6,14
845-8453324,10,22,32
845-8453325,5,7,12
845-8453326,8,6,14
845-8453327,9,3,12
845-8453330,7,9,16
845-8453331,5,10,15
845-8453332,14,16,30
845-8453334,0,0,0
845-8453335,2,10,12
845-8453336,10,14,24
845-8453338,27,33,60
845-8453339,22,24,46
845-8453340,18,12,30
845-8453342,3,11,14
845-8453343,14,16,30
845-8453345,16,10,26
845-8453350,32,28,60
845-8453353,17,17,34
845-8453354,15,14,29
845-8453360,19,13,32
845-8453362,27,39,66
845-8453364,25,27,52
845-8454002,23,37,60
845-8454064,25,35,60
845-8456018,0,0,0
845-8456020,0,0,0
845-8457000,0,0,0
845-8457011,0,0,0
845-8457012,1,4,5
845-8457017,2,5,7
845-8457021,4,9,13
845-8457024,5,11,16
845-8457030,4,14,18
845-8457035,1,4,5
845-8457036,1,8,9
846-8461105,0,1,1
846-8462001,18,24,42
846-8462002,16,10,26
846-8462007,15,19,34
846-8462008,27,31,58
846-8462009,65,63,128
846-8462011,31,30,61
846-8462018,17,13,30
846-8462021,40,54,94
846-8462026,50,40,90
846-8462028,41,38,79
846-8462036,45,45,90
846-8462037,18,13,31
846-8462040,61,62,123
846-8462043,31,18,49
846-8462044,27,21,48
846-8462065,35,61,96
846-8462066,43,40,83
846-8462070,92,102,194
846-8462079,14,9,23
846-8462080,9,17,26
846-8462081,12,9,21
846-8462093,22,21,43
846-8462100,34,41,75
846-8462114,17,14,31
846-8462119,60,63,123
846-8462155,32,31,63
846-8462156,27,31,58
846-8462157,35,49,84
846-8462158,26,33,59
846-8462163,25,27,52
846-8462164,18,31,49
846-8462165,28,25,53
846-8463304,10,14,24
846-8463305,15,14,29
846-8463308,16,10,26
846-8463311,16,14,30
846-8463313,10,16,26
846-8463314,10,12,22
846-8463315,17,13,30
846-8463316,12,16,28
846-8463317,13,14,27
846-8463318,22,10,32
846-8463328,26,38,64
846-8463329,30,34,64
846-8463333,30,31,61
846-8463341,29,35,64
846-8463344,12,15,27
846-8467002,0,0,0
846-8467003,0,0,0
846-8467006,6,5,11
846-8467016,0,2,2
846-8467018,2,7,9
846-8467034,0,4,4
850-8500611,0,0,0
850-8501107,0,0,0
850-8502001,33,30,63
850-8502002,40,46,86
850-8502003,46,46,92
850-8502004,26,38,64
850-8502006,13,9,22
850-8502008,25,31,56
850-8502009,30,31,61
850-8502010,33,24,57
850-8502011,37,22,59
850-8502013,29,29,58
850-8502014,4,14,18
850-8502015,42,48,90
850-8502016,13,12,25
850-8502017,8,8,16
850-8502020,18,25,43
850-8502021,34,30,64
850-8502023,9,8,17
850-8502024,9,11,20
850-8502025,9,6,15
850-8502026,10,7,17
850-8502027,6,9,15
850-8502028,8,9,17
850-8502029,24,36,60
850-8502030,55,41,96
850-8502031,11,7,18
850-8502032,4,6,10
850-8502034,35,33,68
850-8502035,10,5,15
850-8502037,26,16,42
850-8502038,5,10,15
850-8502040,33,34,67
850-8502041,9,6,15
850-8502045,28,28,56
850-8502046,16,11,27
850-8502047,8,8,16
850-8502049,56,40,96
850-8502053,22,22,44
850-8502055,23,23,46
850-8502056,36,26,62
850-8502061,45,45,90
850-8502062,27,27,54
850-8502067,32,27,59
850-8502069,27,11,38
850-8502074,20,24,44
850-8502085,4,6,10
850-8502086,15,12,27
850-8502089,13,10,23
850-8502090,8,8,16
850-8502091,16,26,42
850-8502092,13,13,26
850-8502100,45,45,90
850-8502103,32,26,58
850-8502105,20,25,45
850-8502106,36,30,66
850-8502107,29,31,60
850-8502111,9,12,21
850-8502113,20,27,47
850-8502116,51,39,90
850-8502117,5,8,13
850-8502119,4,13,17
850-8502120,33,28,61
850-8502125,11,19,30
850-8502127,31,30,61
850-8502128,45,69,114
850-8502140,39,51,90
850-8502148,11,11,22
850-8502157,7,10,17
850-8502161,22,21,43
850-8502168,25,39,64
850-8502170,39,64,103
850-8502175,38,57,95
850-8502176,44,46,90
850-8502180,9,7,16
850-8502181,9,6,15
850-8502182,20,8,28
850-8502183,8,6,14
850-8502186,8,6,14
850-8502190,22,26,48
850-8502193,13,10,23
850-8502197,37,53,90
850-8502200,12,11,23
850-8502202,11,17,28
850-8502203,11,15,26
850-8502206,26,24,50
850-8502211,17,8,25
850-8502213,35,53,88
850-8502220,30,25,55
850-8502224,30,30,60
850-8502227,37,23,60
850-8502229,57,60,117
850-8502242,53,49,102
850-8502248,41,60,101
850-8502252,49,40,89
850-8502254,31,29,60
850-8502256,16,15,31
850-8502263,65,78,143
850-8502265,30,34,64
850-8502266,38,43,81
850-8502267,45,45,90
850-8502268,34,37,71
850-8502272,35,27,62
850-8502273,27,29,56
850-8502274,41,55,96
850-8502278,52,43,95
850-8502283,31,28,59
850-8502284,28,30,58
850-8502285,18,28,46
850-8502286,36,45,81
850-8502287,50,44,94
850-8502288,20,25,45
850-8502289,29,29,58
850-8502297,59,36,95
850-8502300,18,17,35
850-8502304,28,34,62
850-8502312,38,26,64
850-8502313,29,31,60
850-8502314,23,25,48
850-8502317,19,17,36
850-8502318,15,15,30
850-8502320,11,20,31
850-8502322,19,13,32
850-8502323,38,37,75
850-8502325,37,50,87
850-8502326,12,12,24
850-8502332,31,33,64
850-8502335,27,28,55
850-8502336,30,31,61
850-8502339,44,48,92
850-8502344,31,26,57
850-8502345,29,30,59
850-8502346,23,22,45
850-8502347,16,10,26
850-8502348,36,45,81
850-8502361,20,20,40
850-8502367,31,30,61
850-8502376,33,43,76
850-8502377,47,41,88
850-8502378,34,37,71
850-8502382,25,21,46
850-8502383,20,27,47
850-8502384,22,21,43
850-8502387,13,14,27
850-8502388,14,16,30
850-8502389,19,10,29
850-8502395,31,30,61
850-8502510,42,32,74
850-8502512,13,18,31
850-8502520,49,35,84
850-8502521,23,31,54
850-8502523,36,58,94
850-8502531,54,55,109
850-8502533,39,36,75
850-8502606,50,38,88
850-8502610,40,49,89
850-8502612,6,11,17
850-8502613,13,16,29
850-8502616,19,33,52
850-8502619,28,52,80
850-8502621,12,20,32
850-8502624,25,31,56
850-8502627,24,24,48
850-8502631,36,25,61
850-8502718,17,30,47
850-8502722,32,28,60
850-8502726,33,33,66
850-8502727,26,33,59
850-8502728,16,13,29
850-8502729,41,34,75
850-8502732,26,31,57
850-8502735,5,9,14
850-8502736,20,16,36
850-8502737,29,28,57
850-8502740,20,28,48
850-8502749,45,37,82
850-8502750,30,30,60
850-8502752,47,45,92
850-8502753,9,12,21
850-8502761,38,48,86
850-8502763,39,32,71
850-8502767,10,20,30
850-8502774,23,25,48
850-8502775,13,5,18
850-8502776,26,17,43
850-8502777,16,19,35
850-8502778,38,49,87
850-8503000,7,9,16
850-8503001,16,14,30
850-8503003,5,5,10
850-8503004,20,10,30
850-8503009,9,9,18
850-8503012,5,13,18
850-8503014,25,23,48
850-8503017,23,29,52
850-8503018,12,8,20
850-8503019,7,25,32
850-8503022,20,27,47
850-8503023,17,15,32
850-8503029,8,12,20
850-8503040,8,10,18
850-8503046,7,8,15
850-8503050,13,2,15
850-8503052,17,17,34
850-8503061,22,19,41
850-8503062,6,8,14
850-8503067,14,16,30
850-8503079,29,31,60
850-8503081,60,68,128
850-8503082,11,1,12
850-8503083,6,3,9
850-8503088,20,19,39
850-8503089,2,9,11
850-8503095,30,24,54
850-8503096,7,7,14
850-8503101,14,13,27
850-8503112,12,18,30
850-8503118,19,14,33
850-8503119,30,30,60
850-8503120,33,29,62
850-8503124,17,17,34
850-8503126,13,9,22
850-8503136,18,13,31
850-8503137,26,20,46
850-8503138,12,10,22
850-8503142,50,41,91
850-8503143,19,24,43
850-8503144,7,9,16
850-8503146,13,5,18
850-8503147,11,8,19
850-8503149,18,13,31
850-8503150,9,3,12
850-8503156,18,10,28
850-8503163,6,4,10
850-8503168,1,1,2
850-8503169,3,5,8
850-8503170,33,31,64
850-8503171,13,15,28
850-8503172,12,12,24
850-8503176,34,51,85
850-8503181,32,28,60
850-8503183,42,47,89
850-8503184,35,26,61
850-8503186,46,44,90
850-8503190,44,40,84
850-8503192,22,28,50
850-8503196,14,18,32
850-8503197,48,49,97
850-8503199,16,18,34
850-8503213,9,11,20
850-8503300,7,5,12
850-8503301,7,5,12
850-8503305,42,49,91
850-8503308,8,8,16
850-8503310,15,11,26
850-8503311,9,10,19
850-8503318,7,10,17
850-8503321,13,7,20
850-8503325,6,12,18
850-8503326,13,20,33
850-8503330,63,56,119
850-8503341,3,5,8
850-8503344,16,14,30
850-8503345,16,14,30
850-8503346,6,27,33
850-8503356,7,7,14
850-8503357,8,8,16
850-8503365,28,20,48
850-8503382,20,14,34
850-8503389,11,14,25
850-8503390,4,10,14
850-8503392,28,27,55
850-8503395,7,8,15
850-8503396,22,9,31
850-8503399,10,12,22
850-8503401,14,15,29
850-8503404,14,14,28
850-8503407,25,20,45
850-8503409,3,14,17
850-8503414,14,20,34
850-8503415,27,31,58
850-8503417,32,27,59
850-8503418,12,18,30
850-8503419,23,23,46
850-8503426,13,8,21
850-8503500,34,28,62
850-8503501,10,6,16
850-8503551,17,15,32
850-8503553,29,20,49
850-8503600,35,33,68
850-8503602,18,30,48
850-8503650,22,13,35
850-8503660,4,12,16
850-8503661,30,15,45
850-8503662,22,11,33
850-8503663,32,34,66
850-8503665,38,51,89
850-8503667,27,30,57
850-8503668,15,16,31
850-8503669,17,23,40
850-8503670,6,6,12
850-8503671,12,17,29
850-8503672,31,29,60
850-8503673,15,14,29
850-8504012,0,0,0
850-8505201,8,17,25
850-8505202,68,78,146
850-8505203,27,26,53
850-8505204,30,39,69
850-8505205,53,37,90
850-8505206,28,19,47
850-8505208,37,37,74
850-8505209,28,36,64
850-8506017,0,0,0
850-8506030,0,0,0
850-8506086,0,0,0
850-8506090,0,0,0
850-8507000,3,6,9
850-8507009,6,12,18
850-8507015,4,10,14
850-8507016,1,11,12
850-8507018,3,16,19
850-8507020,3,3,6
850-8507023,0,3,3
850-8507026,3,4,7
850-8507033,2,3,5
850-8507041,6,9,15
850-8507051,1,5,6
850-8507053,0,6,6
850-8507067,0,14,14
850-8507068,2,3,5
850-8507076,6,12,18
850-8507079,2,3,5
851-8512000,34,25,59
851-8512001,26,24,50
851-8512003,31,33,64
851-8512004,28,32,60
851-8512005,37,38,75
851-8512006,30,31,61
851-8512007,20,37,57
851-8512008,44,57,101
851-8512009,23,33,56
851-8512010,58,60,118
851-8512644,52,68,120
851-8512658,55,62,117
851-8512666,44,49,93
851-8512670,27,33,60
851-8512673,12,19,31
851-8512674,23,28,51
851-8512689,22,35,57
851-8512690,16,13,29
851-8512700,43,46,89
851-8512705,57,33,90
851-8512707,31,41,72
851-8512714,49,39,88
851-8512715,39,49,88
851-8512716,58,55,113
851-8512720,46,69,115
851-8512765,21,35,56
851-8513212,25,34,59
851-8513214,22,23,45
851-8513420,23,25,48
851-8513422,15,15,30
851-8513423,29,16,45
851-8514303,0,0,0
851-8515207,36,26,62
851-8517000,6,12,18
851-8517471,2,9,11
851-8517472,0,1,1
852-8521100,0,0,0
852-8521115,0,0,0
852-8522000,35,52,87
852-8522001,37,53,90
852-8522002,23,21,44
852-8522003,30,31,61
852-8522004,14,16,30
852-8522005,27,32,59
852-8522006,13,14,27
852-8522007,39,23,62
852-8522008,0,0,0
852-8522009,49,41,90
852-8522401,17,28,45
852-8522404,39,40,79
852-8522405,25,37,62
852-8522406,16,15,31
852-8522407,49,38,87
852-8522409,44,45,89
852-8522418,71,68,139
852-8522421,34,26,60
852-8522423,14,15,29
852-8522424,10,20,30
852-8522425,51,36,87
852-8522428,44,40,84
852-8522429,48,42,90
852-8522431,19,10,29
852-8522440,32,27,59
852-8522441,14,16,30
852-8522448,13,16,29
852-8522452,43,42,85
852-8522455,25,28,53
852-8522460,28,31,59
852-8522463,39,47,86
852-8522471,23,32,55
852-8522757,42,45,87
852-8522769,38,52,90
852-8522770,22,27,49
852-8522771,17,22,39
852-8523200,24,35,59
852-8523202,21,18,39
852-8523203,33,37,70
852-8523205,35,48,83
852-8523655,25,21,46
852-8523656,62,35,97
852-8523657,28,32,60
852-8523658,30,30,60
852-8523659,24,35,59
852-8526011,0,0,0
852-8527035,4,19,23
852-8527037,4,4,8
852-8527040,0,4,4
852-8527050,0,4,4
855-8551102,0,0,0
855-8552000,2,4,6
855-8552001,13,26,39
855-8552002,27,32,59
855-8552003,44,47,91
855-8552004,10,17,27
855-8552005,29,31,60
855-8552006,14,14,28
855-8552007,20,11,31
855-8552008,30,23,53
855-8552009,8,13,21
855-8552010,15,8,23
855-8552011,14,18,32
855-8552012,25,33,58
855-8552013,14,15,29
855-8552014,14,17,31
855-8552016,13,7,20
855-8552017,3,8,11
855-8552018,10,12,22
855-8552019,12,11,23
855-8552020,23,28,51
855-8552021,25,30,55
855-8552023,12,18,30
855-8552024,34,27,61
855-8552025,15,15,30
855-8552026,15,10,25
855-8552027,0,0,0
855-8552028,8,6,14
855-8552029,15,10,25
855-8552030,0,0,0
855-8552032,21,20,41
855-8552033,6,8,14
855-8552034,4,10,14
855-8552035,22,26,48
855-8552036,6,9,15
855-8552037,5,6,11
855-8552042,8,21,29
855-8552043,8,7,15
855-8552044,25,32,57
855-8552045,41,58,99
855-8552051,34,26,60
855-8552053,12,16,28
855-8552055,27,30,57
855-8552056,4,8,12
855-8552062,22,26,48
855-8552068,27,29,56
855-8552069,16,26,42
855-8552070,8,6,14
855-8552072,32,46,78
855-8552073,10,20,30
855-8552076,28,19,47
855-8552078,24,19,43
855-8552079,10,1,11
855-8552082,7,18,25
855-8552083,6,8,14
855-8552085,19,19,38
855-8552088,11,4,15
855-8552090,11,5,16
855-8552094,0,3,3
855-8552096,7,4,11
855-8552097,8,7,15
855-8552104,4,4,8
855-8552115,15,16,31
855-8552116,11,20,31
855-8552123,19,11,30
855-8552137,19,19,38
855-8552138,18,12,30
855-8552141,23,32,55
855-8552142,48,46,94
855-8552146,43,47,90
855-8552157,23,14,37
855-8552158,16,18,34
855-8552161,24,31,55
855-8552162,36,51,87
855-8552164,12,18,30
855-8552165,13,17,30
855-8552166,15,21,36
855-8552167,27,33,60
855-8552168,16,11,27
855-8552169,30,31,61
855-8552170,32,27,59
855-8552173,7,18,25
855-8552176,14,14,28
855-8552177,12,13,25
855-8552178,19,22,41
855-8552179,19,23,42
855-8552180,22,23,45
855-8552181,24,20,44
855-8552183,32,27,59
855-8552185,27,18,45
855-8552187,15,5,20
855-8552189,32,32,64
855-8552190,29,28,57
855-8552192,22,28,50
855-8552193,15,13,28
855-8552194,36,36,72
855-8552319,16,18,34
855-8552321,22,21,43
855-8552322,34,39,73
855-8552326,22,29,51
855-8552330,26,28,54
855-8552331,28,32,60
855-8552333,26,34,60
855-8552334,5,9,14
855-8552338,17,12,29
855-8552345,28,32,60
855-8552351,25,35,60
855-8552354,31,28,59
855-8552355,38,36,74
855-8552358,18,22,40
855-8552360,39,34,73
855-8552367,26,34,60
855-8552368,28,31,59
855-8552369,25,35,60
855-8552373,13,15,28
855-8552374,30,29,59
855-8552375,48,31,79
855-8552376,10,21,31
855-8552380,24,21,45
855-8552382,24,23,47
855-8552383,11,25,36
855-8552384,23,37,60
855-8553000,5,5,10
855-8553006,12,9,21
855-8553008,35,39,74
855-8553009,24,40,64
855-8553010,5,4,9
855-8553011,12,5,17
855-8553012,28,31,59
855-8553014,26,21,47
855-8553016,4,6,10
855-8553017,12,17,29
855-8553021,7,19,26
855-8553022,15,19,34
855-8553024,10,3,13
855-8553027,9,11,20
855-8553028,6,6,12
855-8553029,6,6,12
855-8553034,16,28,44
855-8553035,9,7,16
855-8553037,17,14,31
855-8553039,6,6,12
855-8553041,4,5,9
855-8553042,26,20,46
855-8553043,4,7,11
855-8553044,11,18,29
855-8553046,7,3,10
855-8553048,37,41,78
855-8553052,7,3,10
855-8553053,7,5,12
855-8553054,6,5,11
855-8553056,2,5,7
855-8553058,27,32,59
855-8553059,7,9,16
855-8553060,18,11,29
855-8553066,4,5,9
855-8553067,1,11,12
855-8553068,13,4,17
855-8553069,14,16,30
855-8553070,39,32,71
855-8553072,8,9,17
855-8553074,29,27,56
855-8553077,5,6,11
855-8553078,2,4,6
855-8553080,6,10,16
855-8553082,21,19,40
855-8553085,7,8,15
855-8553087,24,26,50
855-8553089,10,2,12
855-8553090,6,6,12
855-8553093,3,6,9
855-8553094,41,48,89
855-8553097,12,9,21
855-8553098,5,3,8
855-8553100,8,7,15
855-8553101,26,31,57
855-8553102,11,5,16
855-8553103,15,17,32
855-8553104,7,10,17
855-8553106,8,9,17
855-8553107,9,10,19
855-8553209,22,34,56
855-8553212,26,20,46
855-8553213,15,14,29
855-8553300,11,7,18
855-8553302,4,12,16
855-8553305,8,6,14
855-8553307,6,9,15
855-8553310,6,10,16
855-8553312,9,8,17
855-8553314,10,11,21
855-8553316,6,9,15
855-8553319,19,12,31
855-8553320,5,7,12
855-8553321,13,23,36
855-8553325,16,18,34
855-8553329,3,12,15
855-8553330,16,13,29
855-8553331,20,15,35
855-8553332,16,8,24
855-8553333,3,2,5
855-8553334,19,14,33
855-8553335,15,13,28
855-8553336,10,20,30
855-8553338,10,6,16
855-8553339,14,10,24
855-8553340,12,16,28
855-8553341,19,12,31
855-8553342,25,19,44
855-8553343,20,11,31
855-8553345,26,21,47
855-8553347,21,12,33
855-8553348,13,12,25
855-8553432,27,16,43
855-8553433,18,13,31
855-8553434,12,18,30
855-8554031,0,0,0
855-8554041,0,0,0
855-8554043,0,0,0
855-8554056,0,0,0
855-8556033,0,0,0
855-8557005,1,13,14
855-8557006,4,11,15
855-8557008,9,11,20
855-8557215,1,0,1
855-8557216,5,15,20
856-8561100,0,2,2
856-8562000,28,37,65
856-8562001,27,34,61
856-8562002,25,40,65
856-8562003,23,21,44
856-8562004,28,28,56
856-8562005,25,29,54
856-8562007,53,67,120
856-8562008,13,10,23
856-8562071,21,26,47
856-8562210,50,40,90
856-8562214,62,78,140
856-8562222,24,22,46
856-8562228,36,49,85
856-8562231,39,50,89
856-8562237,40,49,89
856-8562240,31,44,75
856-8562250,27,34,61
856-8562263,56,53,109
856-8562265,44,46,90
856-8562267,39,36,75
856-8562268,29,26,55
856-8562282,27,33,60
856-8562283,27,33,60
856-8562287,32,58,90
856-8562297,48,47,95
856-8562303,42,47,89
856-8562304,23,38,61
856-8562305,33,27,60
856-8562306,20,37,57
856-8562317,36,23,59
856-8562320,22,25,47
856-8562323,27,30,57
856-8562324,22,23,45
856-8562327,37,23,60
856-8562328,15,19,34
856-8562337,56,33,89
856-8562339,51,39,90
856-8562340,22,8,30
856-8562343,37,21,58
856-8562344,18,8,26
856-8562346,30,25,55
856-8562347,33,28,61
856-8562348,43,44,87
856-8562352,24,26,50
856-8562356,40,51,91
856-8562359,44,49,93
856-8562361,32,26,58
856-8562363,9,20,29
856-8562364,34,26,60
856-8562365,24,31,55
856-8562366,37,26,63
856-8562370,30,31,61
856-8562371,45,45,90
856-8562377,32,28,60
856-8562378,9,12,21
856-8562379,18,22,40
856-8562381,31,28,59
856-8562385,44,59,103
856-8562386,44,35,79
856-8562387,38,39,77
856-8562388,26,31,57
856-8563201,14,16,30
856-8563208,21,24,45
856-8563420,27,33,60
856-8563422,31,30,61
856-8563423,17,13,30
856-8563424,21,14,35
856-8563425,15,14,29
856-8563426,23,17,40
856-8563431,29,40,69
856-8563432,22,28,50
856-8563434,29,32,61
856-8563435,37,38,75
856-8564004,29,31,60
856-8565951,0,0,0
856-8566007,0,0,0
856-8566020,0,0,0
856-8566022,0,0,0
856-8567003,6,7,13
856-8567213,2,2,4
856-8567215,0,0,0
856-8567217,7,14,21
856-8567218,2,4,6
856-8567220,0,0,0
856-8567221,2,8,10
857-8572000,10,12,22
857-8572001,9,10,19
857-8572312,6,3,9
857-8572313,16,14,30
857-8572316,20,26,46
857-8573111,7,0,7
857-8573112,0,2,2
857-8573113,13,10,23
857-8573114,16,15,31
857-8573115,16,21,37
857-8573117,16,13,29
857-8573119,21,8,29
857-8573120,5,7,12
857-8573428,10,14,24
857-8573429,10,11,21
857-8573430,12,15,27
857-8575200,11,16,27
860-8602000,12,16,28
860-8602001,38,53,91
860-8602002,24,36,60
860-8602003,26,20,46
860-8602004,10,15,25
860-8602005,24,26,50
860-8602006,15,14,29
860-8602007,9,11,20
860-8602008,12,11,23
860-8602009,12,10,22
860-8602010,7,17,24
860-8602011,11,14,25
860-8602012,24,11,35
860-8602013,16,10,26
860-8602014,35,29,64
860-8602015,20,25,45
860-8602016,0,0,0
860-8602017,29,33,62
860-8602018,11,14,25
860-8602019,16,18,34
860-8602020,13,16,29
860-8602022,17,21,38
860-8602025,15,8,23
860-8602027,20,20,40
860-8602028,11,8,19
860-8602030,16,12,28
860-8602123,18,27,45
860-8602126,11,25,36
860-8602132,12,23,35
860-8602138,37,41,78
860-8602140,29,23,52
860-8602145,31,24,55
860-8602152,13,7,20
860-8602153,12,18,30
860-8602157,18,28,46
860-8602158,3,6,9
860-8602167,35,40,75
860-8602177,10,20,30
860-8602179,10,10,20
860-8602180,53,56,109
860-8602184,19,14,33
860-8602185,10,13,23
860-8602189,22,24,46
860-8602190,29,32,61
860-8602191,32,26,58
860-8602198,8,6,14
860-8602200,5,2,7
860-8602203,25,32,57
860-8602204,11,16,27
860-8602207,27,16,43
860-8602208,4,8,12
860-8602216,6,8,14
860-8602217,21,20,41
860-8602218,14,13,27
860-8602219,11,19,30
860-8602220,8,4,12
860-8602223,34,29,63
860-8602226,8,16,24
860-8602234,12,18,30
860-8602236,9,6,15
860-8602238,7,8,15
860-8602239,11,14,25
860-8602241,6,24,30
860-8602242,25,22,47
860-8602247,14,14,28
860-8602250,14,14,28
860-8602251,19,24,43
860-8602252,19,14,33
860-8602263,16,16,32
860-8602264,3,4,7
860-8602273,3,5,8
860-8602276,17,13,30
860-8602277,13,19,32
860-8602293,13,20,33
860-8602296,40,52,92
860-8602297,27,18,45
860-8602299,44,25,69
860-8602305,7,10,17
860-8602306,12,21,33
860-8602309,21,28,49
860-8602320,34,17,51
860-8602321,13,17,30
860-8602326,29,37,66
860-8602327,9,15,24
860-8602331,34,52,86
860-8602332,16,21,37
860-8602333,25,22,47
860-8602334,37,40,77
860-8602336,22,23,45
860-8602337,5,7,12
860-8602340,24,25,49
860-8602342,11,20,31
860-8602344,17,12,29
860-8602346,16,9,25
860-8602348,7,6,13
860-8602352,29,36,65
860-8602355,17,16,33
860-8602358,8,12,20
860-8602359,20,22,42
860-8602360,23,19,42
860-8602361,15,15,30
860-8602369,18,12,30
860-8602370,11,8,19
860-8602373,20,22,42
860-8602374,21,24,45
860-8602386,35,29,64
860-8602388,12,7,19
860-8602392,30,28,58
860-8602393,32,27,59
860-8602394,24,19,43
860-8602395,27,12,39
860-8602396,16,18,34
860-8602397,23,29,52
860-8602399,17,15,32
860-8602400,26,12,38
860-8602401,15,18,33
860-8602403,18,12,30
860-8602404,12,15,27
860-8602406,22,21,43
860-8602407,27,32,59
860-8602409,27,12,39
860-8602410,12,14,26
860-8602411,16,12,28
860-8602413,25,30,55
860-8602415,10,18,28
860-8602416,17,23,40
860-8602418,23,31,54
860-8602421,24,29,53
860-8602422,35,22,57
860-8602423,12,17,29
860-8602424,26,26,52
860-8603000,12,21,33
860-8603025,16,15,31
860-8603026,15,17,32
860-8603028,15,16,31
860-8603029,6,6,12
860-8603035,14,16,30
860-8603040,33,22,55
860-8603043,1,7,8
860-8603045,19,11,30
860-8603051,8,1,9
860-8603053,18,14,32
860-8603063,16,37,53
860-8603069,16,9,25
860-8603072,10,16,26
860-8603076,32,26,58
860-8603079,32,28,60
860-8603080,13,15,28
860-8603081,7,4,11
860-8603082,0,1,1
860-8603091,19,19,38
860-8603092,19,26,45
860-8603093,10,15,25
860-8603094,29,34,63
860-8603100,6,8,14
860-8603102,13,13,26
860-8603103,4,3,7
860-8603114,12,18,30
860-8603116,5,3,8
860-8603118,8,6,14
860-8603119,21,11,32
860-8603128,12,15,27
860-8603132,10,14,24
860-8603136,5,9,14
860-8603137,7,11,18
860-8603139,12,18,30
860-8603141,19,23,42
860-8603144,12,11,23
860-8603145,27,43,70
860-8603146,15,16,31
860-8603147,30,29,59
860-8603148,17,12,29
860-8603149,6,6,12
860-8603150,10,6,16
860-8603151,4,6,10
860-8603152,5,2,7
860-8603153,12,16,28
860-8603154,11,7,18
860-8603155,1,6,7
860-8603156,5,12,17
860-8603300,4,5,9
860-8603420,28,32,60
860-8603422,10,21,31
860-8603427,6,9,15
860-8603430,11,8,19
860-8603433,8,5,13
860-8603434,5,4,9
860-8603436,1,3,4
860-8603438,2,10,12
860-8603440,11,10,21
860-8603441,11,7,18
860-8603446,6,5,11
860-8603450,13,4,17
860-8603455,4,10,14
860-8603456,19,12,31
860-8603457,16,14,30
860-8603458,16,4,20
860-8603459,18,14,32
860-8603460,6,4,10
860-8603461,21,10,31
860-8603462,9,16,25
860-8603463,6,22,28
860-8603464,15,17,32
860-8603465,27,26,53
860-8603466,29,30,59
860-8603467,12,15,27
860-8603468,11,17,28
860-8603469,14,16,30
860-8603470,16,15,31
860-8603473,20,14,34
860-8603474,12,15,27
860-8603476,17,13,30
860-8603477,9,9,18
860-8603478,14,16,30
860-8603479,8,7,15
860-8603480,10,21,31
860-8603481,8,5,13
860-8603482,35,26,61
860-8603483,14,19,33
860-8603484,10,10,20
860-8603485,17,12,29
860-8603486,4,9,13
860-8603488,5,10,15
860-8603489,22,10,32
860-8603492,31,30,61
860-8603493,12,16,28
860-8603494,15,14,29
860-8603495,16,13,29
860-8603496,30,29,59
860-8603497,16,13,29
860-8603498,34,28,62
860-8603499,21,21,42
860-8603500,35,21,56
860-8603501,27,35,62
860-8604128,0,0,0
860-8604133,0,0,0
860-8604142,0,0,0
860-8604144,0,0,0
860-8604145,0,0,0
860-8604154,0,0,0
860-8604160,0,0,0
860-8604170,0,0,0
860-8604511,0,0,0
860-8604512,0,0,0
860-8604516,0,0,0
860-8604517,0,0,0
860-8604612,0,0,0
860-8604613,0,0,0
860-8605200,5,1,6
860-8605202,6,7,13
860-8606017,0,0,0
860-8606040,0,0,0
860-8607000,0,6,6
860-8607003,3,4,7
860-8607006,0,11,11
860-8607016,6,14,20
860-8607026,0,0,0
860-8607032,3,16,19
860-8607033,1,8,9
860-8607034,2,5,7
860-8607036,2,13,15
860-8607037,4,13,17
860-8607038,4,13,17
860-8607039,3,2,5
860-8607042,6,13,19
861-8611111,0,1,1
861-8612000,33,27,60
861-8612001,32,28,60
861-8612002,21,24,45
861-8612004,13,13,26
861-8612005,16,14,30
861-8612006,28,36,64
861-8612007,33,27,60
861-8612008,24,22,46
861-8612009,14,14,28
861-8612010,29,19,48
861-8612012,36,24,60
861-8612013,27,26,53
861-8612014,41,43,84
861-8612015,26,31,57
861-8612026,31,29,60
861-8612029,14,15,29
861-8612031,27,36,63
861-8612033,16,12,28
861-8612040,13,16,29
861-8612045,20,25,45
861-8612054,33,27,60
861-8612059,44,45,89
861-8612060,28,28,56
861-8612064,30,29,59
861-8612066,15,23,38
861-8612069,16,13,29
861-8612075,31,27,58
861-8612080,28,32,60
861-8612086,45,44,89
861-8612090,36,30,66
861-8612092,22,16,38
861-8612100,22,16,38
861-8612101,14,17,31
861-8612106,33,26,59
861-8612107,23,36,59
861-8612109,12,18,30
861-8612111,14,16,30
861-8612113,31,40,71
861-8612114,29,29,58
861-8612115,35,25,60
861-8612116,35,25,60
861-8612117,25,34,59
861-8612118,65,54,119
861-8612119,27,27,54
861-8612120,32,28,60
861-8612425,43,44,87
861-8613016,23,23,46
861-8613020,8,20,28
861-8613300,26,22,48
861-8613301,28,32,60
861-8613303,25,14,39
861-8613309,31,28,59
861-8613311,26,33,59
861-8613400,17,13,30
861-8613402,15,15,30
861-8613403,14,15,29
861-8613405,8,20,28
861-8613406,12,19,31
861-8613408,16,14,30
861-8613410,19,24,43
861-8613411,11,18,29
861-8613412,17,13,30
861-8613416,14,17,31
861-8613453,6,5,11
861-8613487,26,19,45
861-8613488,27,33,60
861-8617005,1,10,11
861-8617007,5,12,17
861-8617008,3,7,10
861-8617011,4,9,13
865-8652000,14,11,25
865-8652003,27,33,60
865-8652004,25,34,59
865-8652005,11,19,30
865-8652006,33,39,72
865-8652008,24,30,54
865-8652009,5,4,9
865-8652010,15,16,31
865-8652011,9,17,26
865-8652013,5,10,15
865-8652014,7,15,22
865-8652015,15,15,30
865-8652016,11,21,32
865-8652017,1,0,1
865-8652018,20,24,44
865-8652019,25,17,42
865-8652021,19,29,48
865-8652022,27,30,57
865-8652023,17,18,35
865-8652024,15,11,26
865-8652025,13,24,37
865-8652026,7,8,15
865-8652027,24,26,50
865-8652028,44,39,83
865-8652029,1,0,1
865-8652030,4,3,7
865-8652031,16,12,28
865-8652033,4,8,12
865-8652034,15,21,36
865-8652035,0,0,0
865-8652040,5,5,10
865-8652045,6,12,18
865-8652052,8,11,19
865-8652053,8,5,13
865-8652060,2,6,8
865-8652065,25,22,47
865-8652086,4,10,14
865-8652087,20,10,30
865-8652137,8,4,12
865-8652159,21,17,38
865-8652162,32,25,57
865-8652168,17,15,32
865-8652170,26,28,54
865-8652178,9,3,12
865-8652180,14,21,35
865-8652184,18,19,37
865-8652185,15,12,27
865-8652190,15,14,29
865-8652191,17,15,32
865-8652193,17,15,32
865-8652196,17,14,31
865-8652198,7,11,18
865-8652208,11,12,23
865-8652218,29,23,52
865-8652222,19,21,40
865-8652223,25,31,56
865-8652225,20,15,35
865-8652226,14,16,30
865-8652227,18,13,31
865-8652228,27,25,52
865-8653000,9,8,17
865-8653002,23,8,31
865-8653013,12,11,23
865-8653015,32,30,62
865-8653017,4,2,6
865-8653018,6,8,14
865-8653019,2,8,10
865-8653020,4,5,9
865-8653021,5,5,10
865-8653022,12,13,25
865-8653023,9,2,11
865-8653035,18,15,33
865-8653036,6,0,6
865-8653038,2,11,13
865-8653040,16,13,29
865-8653045,21,24,45
865-8653047,9,7,16
865-8653048,9,8,17
865-8653049,8,10,18
865-8653063,22,19,41
865-8653071,3,1,4
865-8653086,4,7,11
865-8653088,7,18,25
865-8653090,17,10,27
865-8653091,7,10,17
865-8653094,7,5,12
865-8653096,6,15,21
865-8653100,3,4,7
865-8653102,5,12,17
865-8653104,8,9,17
865-8653110,16,11,27
865-8653117,25,37,62
865-8653134,1,5,6
865-8653135,18,11,29
865-8653140,9,3,12
865-8653141,3,3,6
865-8653143,6,4,10
865-8653149,12,13,25
865-8653150,13,27,40
865-8653158,39,48,87
865-8653159,5,1,6
865-8653160,3,3,6
865-8653161,2,2,4
865-8653162,11,18,29
865-8653163,19,10,29
865-8653166,7,12,19
865-8653170,24,19,43
865-8653172,12,10,22
865-8653174,13,10,23
865-8653176,47,49,96
865-8653186,12,4,16
865-8653190,7,15,22
865-8653191,13,16,29
865-8653192,23,30,53
865-8653193,26,34,60
865-8653199,15,12,27
865-8653201,14,13,27
865-8653203,21,25,46
865-8653205,13,15,28
865-8653207,13,17,30
865-8653220,9,13,22
865-8653222,4,7,11
865-8653229,7,8,15
865-8653230,7,8,15
865-8653239,6,9,15
865-8653242,13,11,24
865-8653243,11,13,24
865-8653244,16,12,28
865-8653300,12,13,25
865-8653306,7,14,21
865-8653308,16,13,29
865-8653316,7,7,14
865-8653318,4,9,13
865-8653319,10,14,24
865-8653330,17,15,32
865-8653344,20,22,42
865-8653352,4,9,13
865-8653355,9,9,18
865-8653362,17,11,28
865-8653366,5,4,9
865-8653372,13,15,28
865-8653381,6,6,12
865-8653383,17,12,29
865-8653387,13,14,27
865-8653388,10,7,17
865-8653396,3,7,10
865-8653401,14,18,32
865-8653402,8,11,19
865-8653405,12,9,21
865-8653406,7,12,19
865-8653407,16,10,26
865-8653412,15,18,33
865-8653418,11,12,23
865-8653425,17,13,30
865-8653430,29,19,48
865-8653435,3,9,12
865-8653437,15,12,27
865-8653448,14,16,30
865-8653449,21,9,30
865-8653450,8,5,13
865-8653453,4,4,8
865-8653454,2,8,10
865-8653456,11,17,28
865-8653457,1,5,6
865-8653459,3,1,4
865-8653460,15,13,28
865-8653461,5,5,10
865-8653462,26,31,57
865-8653464,18,9,27
865-8653465,11,7,18
865-8653466,16,24,40
865-8653467,6,9,15
865-8653468,25,34,59
865-8653469,8,7,15
865-8653470,9,10,19
865-8653471,7,21,28
865-8653472,18,23,41
865-8654002,0,0,0
865-8655200,37,22,59
865-8655201,16,11,27
865-8655204,15,11,26
865-8655205,13,10,23
865-8655206,13,14,27
865-8655207,12,12,24
865-8655208,24,18,42
865-8655209,21,20,41
865-8655212,9,12,21
865-8655213,15,14,29
865-8655214,19,12,31
865-8655215,16,24,40
865-8655216,7,5,12
865-8655218,41,48,89
865-8655222,17,16,33
865-8655224,10,13,23
865-8656005,0,0,0
865-8656024,0,0,0
865-8656037,0,0,0
865-8657000,0,0,0
865-8657008,1,10,11
865-8657009,1,4,5
865-8657010,1,3,4
866-8661100,0,0,0
866-8662000,37,23,60
866-8662001,11,15,26
866-8662002,40,49,89
866-8662003,26,22,48
866-8662004,23,16,39
866-8662005,26,18,44
866-8662006,23,31,54
866-8662008,30,27,57
866-8662009,17,25,42
866-8662011,9,18,27
866-8662012,23,26,49
866-8662013,16,8,24
866-8662014,6,7,13
866-8662015,34,45,79
866-8662018,36,22,58
866-8662026,9,7,16
866-8662050,13,27,40
866-8662051,27,24,51
866-8662092,39,49,88
866-8662103,47,43,90
866-8662123,26,31,57
866-8662133,19,12,31
866-8662147,22,35,57
866-8662151,22,24,46
866-8662156,37,45,82
866-8662161,10,9,19
866-8662164,14,15,29
866-8662166,22,14,36
866-8662167,13,16,29
866-8662204,25,30,55
866-8662209,22,20,42
866-8662210,26,34,60
866-8662211,26,35,61
866-8662212,33,36,69
866-8662214,29,30,59
866-8662219,7,21,28
866-8662229,50,38,88
866-8663000,36,32,68
866-8663001,28,13,41
866-8663009,5,3,8
866-8663165,9,5,14
866-8663175,16,13,29
866-8663426,36,24,60
866-8663439,14,16,30
866-8663455,31,24,55
866-8663460,27,33,60
866-8663461,26,34,60
866-8663462,45,48,93
866-8663463,32,28,60
866-8663464,14,32,46
866-8663465,29,26,55
866-8663466,26,32,58
866-8665211,0,0,0
866-8665220,22,26,48
866-8665221,15,11,26
866-8665222,32,22,54
866-8666905,45,46,91
866-8667000,0,9,9
866-8667006,0,0,0
866-8667011,1,9,10
866-8667013,5,10,15
867-8672000,27,30,57
867-8672001,33,26,59
867-8672057,14,16,30
867-8672059,48,52,100
867-8672065,11,19,30
867-8672099,15,13,28
867-8672113,12,18,30
867-8672126,28,34,62
867-8672138,43,39,82
867-8672154,18,12,30
867-8672165,31,27,58
867-8672228,22,25,47
867-8672236,45,37,82
867-8672250,30,29,59
867-8672251,47,46,93
867-8672254,52,31,83
867-8672813,23,36,59
867-8672814,35,32,67
867-8673023,8,22,30
867-8673038,17,12,29
867-8673047,24,21,45
867-8673054,24,36,60
867-8673062,11,15,26
867-8673076,29,31,60
867-8673313,16,18,34
867-8673333,11,19,30
867-8673344,12,17,29
867-8673357,22,33,55
867-8676004,0,0,0
867-8676006,0,0,0
867-8677032,3,9,12
868-8681103,0,0,0
868-8682000,0,0,0
868-8682072,45,50,95
868-8682074,16,16,32
868-8682077,29,32,61
868-8682092,6,13,19
868-8682107,14,14,28
868-8682108,43,47,90
868-8682109,17,13,30
868-8682123,10,19,29
868-8682159,31,29,60
868-8682186,31,29,60
868-8682202,33,23,56
868-8682247,16,13,29
868-8683010,4,9,13
868-8683012,23,31,54
868-8683021,12,13,25
868-8683022,20,11,31
868-8683028,14,14,28
868-8683033,18,16,34
868-8683050,16,14,30
868-8683059,39,38,77
868-8683322,9,23,32
868-8683323,17,13,30
868-8683324,13,10,23
868-8683334,19,20,39
868-8683335,12,18,30
868-8683337,26,35,61
868-8683350,11,16,27
868-8684003,0,0,0
868-8684063,0,0,0
868-8684083,0,0,0
868-8684704,0,0,0
868-8686017,0,0,0
868-8687000,0,0,0
868-8687009,3,10,13
868-8687206,0,0,0
869-8691111,1,1,2
869-8692000,12,17,29
869-8692001,13,17,30
869-8692050,3,4,7
869-8692063,18,11,29
869-8692064,5,9,14
869-8692066,3,7,10
869-8692068,13,14,27
869-8692069,33,29,62
869-8692070,7,8,15
869-8692079,19,23,42
869-8692083,47,38,85
869-8692090,38,39,77
869-8692110,25,35,60
869-8692111,25,31,56
869-8692119,15,15,30
869-8692125,26,32,58
869-8692128,19,13,32
869-8692133,21,21,42
869-8692140,52,38,90
869-8692174,9,20,29
869-8692180,20,10,30
869-8692231,43,38,81
869-8692240,35,36,71
869-8692246,31,33,64
869-8692249,11,19,30
869-8693004,5,14,19
869-8693006,9,6,15
869-8693007,3,2,5
869-8693013,4,4,8
869-8693014,12,7,19
869-8693015,16,12,28
869-8693016,1,2,3
869-8693018,13,13,26
869-8693020,14,15,29
869-8693024,3,7,10
869-8693026,1,7,8
869-8693029,10,13,23
869-8693030,13,14,27
869-8693036,6,12,18
869-8693039,7,5,12
869-8693040,1,4,5
869-8693042,26,22,48
869-8693044,5,8,13
869-8693045,24,20,44
869-8693049,9,6,15
869-8693306,20,25,45
869-8693310,8,9,17
869-8693311,6,5,11
869-8693314,4,8,12
869-8693316,29,36,65
869-8693321,6,6,12
869-8693325,2,12,14
869-8693331,3,7,10
869-8693332,6,5,11
869-8693358,8,9,17
869-8693359,23,35,58
869-8693360,25,24,49
869-8693361,18,27,45
869-8695206,16,14,30
869-8697005,4,2,6
869-8697007,2,6,8
869-8697028,3,13,16
870-8701112,0,1,1
870-8702000,45,44,89
870-8702002,8,13,21
870-8702003,32,30,62
870-8702004,23,22,45
870-8702005,18,12,30
870-8702006,27,28,55
870-8702007,50,39,89
870-8702011,26,26,52
870-8702012,27,30,57
870-8702015,0,0,0
870-8702016,16,14,30
870-8702017,12,10,22
870-8702018,16,13,29
870-8702019,43,44,87
870-8702020,26,29,55
870-8702021,30,28,58
870-8702024,30,28,58
870-8702025,7,18,25
870-8702026,26,34,60
870-8702027,41,46,87
870-8702028,13,11,24
870-8702029,26,34,60
870-8702031,19,22,41
870-8702034,28,41,69
870-8702036,23,34,57
870-8702226,42,45,87
870-8702233,18,11,29
870-8702234,31,28,59
870-8702253,19,26,45
870-8702254,12,16,28
870-8703300,30,30,60
870-8703301,23,22,45
870-8703302,15,11,26
870-8703304,32,28,60
870-8703305,22,34,56
870-8703360,13,12,25
870-8703361,40,49,89
870-8706003,0,0,0
870-8707000,0,3,3
870-8707001,3,7,10
870-8707036,0,5,5
871-8712000,56,53,109
871-8712001,31,40,71
871-8712002,47,42,89
871-8712003,16,13,29
871-8712004,18,20,38
871-8712005,59,59,118
871-8712006,35,52,87
871-8712007,45,43,88
871-8712008,0,0,0
871-8712009,59,61,120
871-8712252,47,43,90
871-8712255,48,39,87
871-8712256,95,107,202
871-8713070,38,48,86
871-8713353,43,42,85
871-8713363,25,35,60
871-8713364,45,39,84
871-8713365,65,54,119
871-8713366,32,27,59
871-8713367,48,45,93
871-8714005,0,0,0
871-8715200,62,86,148
871-8715201,70,54,124
871-8715202,31,31,62
871-8715204,48,49,97
871-8715207,15,7,22
871-8715208,66,53,119
871-8715209,37,55,92
871-8716000,0,0,0
871-8716001,0,0,0
871-8717030,0,7,7
871-8717035,4,5,9
872-8721108,1,0,1
872-8722000,11,7,18
872-8722001,0,0,0
872-8722002,14,11,25
872-8722003,0,0,0
872-8722006,28,29,57
872-8722062,41,21,62
872-8722067,21,29,50
872-8722088,13,13,26
872-8722089,9,13,22
872-8722100,23,12,35
872-8722105,36,24,60
872-8722106,34,26,60
872-8722116,25,20,45
872-8722130,17,42,59
872-8722146,31,29,60
872-8722148,29,33,62
872-8722149,26,25,51
872-8722161,28,29,57
872-8722163,17,13,30
872-8722167,20,23,43
872-8722184,27,32,59
872-8722227,30,30,60
872-8722235,23,37,60
872-8722237,40,52,92
872-8722238,21,39,60
872-8722245,18,26,44
872-8722246,13,16,29
872-8722247,31,28,59
872-8723037,8,11,19
872-8723041,48,41,89
872-8723048,7,7,14
872-8723055,49,47,96
872-8723056,21,20,41
872-8723061,24,21,45
872-8723312,30,39,69
872-8723315,10,6,16
872-8723319,6,13,19
872-8723320,13,17,30
872-8723330,12,10,22
872-8723341,14,30,44
872-8723368,25,32,57
872-8723370,27,33,60
872-8723371,24,36,60
872-8723372,20,19,39
872-8724505,10,15,25
872-8726003,0,0,0
872-8726231,0,0,0
872-8727000,0,1,1
872-8727006,0,1,1
872-8727029,4,9,13
873-8731105,0,0,0
873-8731109,0,0,0
873-8732000,18,12,30
873-8732001,45,38,83
873-8732002,20,19,39
873-8732004,13,18,31
873-8732005,10,18,28
873-8732006,47,42,89
873-8732007,15,16,31
873-8732008,20,13,33
873-8732009,11,11,22
873-8732010,8,7,15
873-8732011,4,9,13
873-8732012,10,4,14
873-8732013,7,9,16
873-8732015,20,19,39
873-8732016,13,8,21
873-8732018,9,10,19
873-8732019,25,37,62
873-8732020,30,33,63
873-8732021,9,6,15
873-8732023,7,4,11
873-8732024,0,0,0
873-8732025,26,16,42
873-8732026,30,30,60
873-8732027,31,24,55
873-8732028,21,24,45
873-8732029,6,14,20
873-8732030,4,5,9
873-8732031,23,18,41
873-8732032,35,26,61
873-8732033,24,18,42
873-8732034,15,15,30
873-8732036,4,5,9
873-8732037,2,4,6
873-8732038,11,14,25
873-8732040,12,8,20
873-8732041,18,11,29
873-8732042,7,4,11
873-8732045,31,25,56
873-8732046,21,34,55
873-8732048,21,24,45
873-8732049,45,40,85
873-8732050,11,13,24
873-8732051,0,0,0
873-8732052,12,17,29
873-8732053,7,8,15
873-8732054,19,25,44
873-8732057,20,10,30
873-8732058,20,15,35
873-8732059,16,13,29
873-8732060,10,7,17
873-8732064,8,7,15
873-8732065,15,10,25
873-8732066,15,18,33
873-8732068,10,7,17
873-8732069,8,8,16
873-8732070,26,20,46
873-8732072,15,15,30
873-8732074,33,34,67
873-8732075,14,9,23
873-8732076,29,22,51
873-8732079,45,47,92
873-8732082,15,15,30
873-8732083,8,7,15
873-8732084,11,9,20
873-8732087,35,51,86
873-8732088,6,5,11
873-8732092,14,16,30
873-8732094,22,28,50
873-8732107,33,27,60
873-8732109,15,17,32
873-8732115,30,33,63
873-8732118,29,31,60
873-8732119,24,22,46
873-8732121,32,27,59
873-8732123,17,25,42
873-8732200,23,23,46
873-8732202,16,12,28
873-8732204,36,27,63
873-8732205,6,5,11
873-8732206,31,28,59
873-8732208,16,18,34
873-8732209,31,30,61
873-8732210,11,4,15
873-8732211,15,20,35
873-8732212,13,14,27
873-8732214,7,8,15
873-8732217,18,7,25
873-8732218,34,29,63
873-8732220,24,31,55
873-8732221,19,18,37
873-8732222,7,13,20
873-8732226,16,12,28
873-8732232,43,43,86
873-8732239,42,48,90
873-8732240,13,12,25
873-8732256,17,25,42
873-8732257,13,17,30
873-8732260,10,5,15
873-8732293,23,29,52
873-8732299,3,7,10
873-8732312,14,23,37
873-8732315,34,35,69
873-8732317,53,37,90
873-8732318,40,44,84
873-8732321,29,31,60
873-8732327,33,29,62
873-8732328,25,17,42
873-8732331,2,5,7
873-8732333,26,28,54
873-8732335,12,18,30
873-8732336,22,25,47
873-8732442,9,7,16
873-8732443,26,35,61
873-8732444,31,56,87
873-8732446,27,27,54
873-8732447,21,31,52
873-8732448,32,27,59
873-8732449,29,30,59
873-8732450,34,34,68
873-8732451,16,12,28
873-8732452,20,21,41
873-8732453,14,16,30
873-8732454,22,20,42
873-8733000,9,3,12
873-8733001,5,8,13
873-8733002,12,17,29
873-8733004,7,4,11
873-8733008,12,10,22
873-8733009,10,6,16
873-8733011,10,8,18
873-8733012,4,3,7
873-8733014,16,13,29
873-8733017,8,2,10
873-8733022,12,18,30
873-8733026,31,26,57
873-8733029,10,9,19
873-8733030,4,9,13
873-8733032,12,19,31
873-8733035,11,8,19
873-8733037,6,6,12
873-8733041,16,24,40
873-8733046,20,12,32
873-8733050,14,12,26
873-8733052,22,19,41
873-8733053,7,9,16
873-8733054,10,11,21
873-8733056,6,6,12
873-8733058,24,22,46
873-8733061,13,12,25
873-8733063,17,13,30
873-8733064,4,9,13
873-8733065,6,6,12
873-8733066,3,4,7
873-8733067,10,6,16
873-8733068,10,12,22
873-8733070,5,9,14
873-8733071,17,16,33
873-8733072,27,31,58
873-8733074,19,10,29
873-8733075,15,11,26
873-8733081,4,5,9
873-8733083,30,30,60
873-8733301,5,7,12
873-8733302,0,2,2
873-8733308,5,12,17
873-8733310,18,12,30
873-8733321,14,6,20
873-8733325,9,8,17
873-8733326,7,7,14
873-8733331,6,14,20
873-8733350,8,8,16
873-8733352,13,16,29
873-8733356,17,13,30
873-8733358,20,22,42
873-8733360,17,13,30
873-8733362,39,58,97
873-8733366,24,16,40
873-8733367,13,13,26
873-8733368,7,8,15
873-8733373,6,8,14
873-8733383,30,22,52
873-8733384,18,14,32
873-8733386,33,24,57
873-8733387,29,31,60
873-8733389,37,23,60
873-8733390,15,13,28
873-8733392,30,29,59
873-8733885,34,41,75
873-8733942,27,33,60
873-8733943,21,23,44
873-8733945,42,40,82
873-8733946,30,30,60
873-8734001,0,0,0
873-8735200,8,13,21
873-8735201,23,35,58
873-8735204,63,57,120
873-8735205,26,31,57
873-8736015,0,0,0
873-8736034,0,0,0
873-8736048,0,0,0
873-8737001,0,7,7
873-8737004,1,3,4
873-8737007,0,7,7
873-8737018,2,7,9
873-8737021,4,8,12
873-8737023,2,3,5
873-8737025,5,3,8
873-8737026,3,8,11
874-8740611,0,0,0
874-8741101,0,1,1
874-8742000,27,30,57
874-8742001,17,14,31
874-8742002,27,30,57
874-8742003,11,12,23
874-8742004,25,32,57
874-8742005,23,25,48
874-8742006,35,53,88
874-8742007,26,24,50
874-8742008,38,42,80
874-8742009,28,32,60
874-8742010,20,17,37
874-8742011,33,22,55
874-8742215,31,29,60
874-8742223,37,52,89
874-8742225,25,32,57
874-8742233,13,3,16
874-8742234,13,18,31
874-8742244,17,14,31
874-8742251,14,16,30
874-8742279,28,30,58
874-8742288,19,11,30
874-8742295,10,20,30
874-8742296,29,25,54
874-8742297,30,32,62
874-8742307,27,30,57
874-8742313,14,15,29
874-8742316,17,21,38
874-8742324,26,16,42
874-8742325,40,51,91
874-8742330,16,14,30
874-8742445,27,34,61
874-8742449,43,33,76
874-8742451,35,25,60
874-8742453,16,14,30
874-8742455,35,24,59
874-8742456,40,50,90
874-8742457,25,20,45
874-8742458,37,52,89
874-8743076,26,31,57
874-8743077,6,17,23
874-8743078,13,14,27
874-8743079,35,24,59
874-8743080,11,13,24
874-8743374,16,14,30
874-8743376,32,27,59
874-8743377,29,30,59
874-8743378,29,30,59
874-8743379,15,14,29
874-8743380,24,30,54
874-8743382,46,44,90
874-8743384,56,64,120
874-8743385,45,42,87
874-8743386,15,15,30
874-8744082,33,25,58
874-8745205,28,32,60
874-8745404,8,7,15
874-8747000,2,10,12
874-8747020,0,14,14
874-8747024,5,10,15
874-8747025,0,0,0
876-8762000,9,7,16
876-8762001,10,4,14
876-8762002,5,7,12
876-8762003,15,11,26
876-8762104,12,19,31
876-8762107,13,10,23
876-8762109,8,8,16
876-8762118,14,12,26
876-8762281,11,14,25
876-8762283,11,9,20
876-8762295,12,15,27
876-8762297,6,13,19
876-8762325,15,16,31
876-8762376,9,14,23
876-8762381,12,9,21
876-8762382,3,13,16
876-8762383,11,11,22
876-8762387,10,8,18
876-8762406,21,39,60
876-8762415,19,13,32
876-8762425,40,35,75
876-8762428,30,22,52
876-8762689,12,10,22
876-8762700,13,5,18
876-8762711,17,15,32
876-8762712,12,19,31
876-8762723,16,11,27
876-8762725,20,20,40
876-8762726,16,8,24
876-8762727,22,20,42
876-8763050,5,6,11
876-8763175,14,13,27
876-8763176,11,12,23
876-8763177,23,33,56
876-8763179,14,15,29
876-8763502,3,6,9
876-8763506,11,14,25
876-8763509,8,12,20
876-8763510,17,12,29
876-8763511,6,7,13
876-8763614,47,30,77
876-8763632,9,11,20
876-8763637,17,12,29
876-8763640,23,21,44
876-8763648,26,31,57
876-8763649,13,16,29
876-8763650,18,11,29
876-8763651,14,14,28
876-8764104,33,30,63
876-8767200,2,1,3
876-8767206,3,5,8
877-8771104,0,0,0
877-8772005,13,13,26
877-8772013,12,20,32
877-8772015,18,13,31
877-8772016,10,17,27
877-8772103,13,16,29
877-8772112,25,27,52
877-8772116,25,15,40
877-8772125,12,18,30
877-8772126,20,40,60
877-8772300,46,45,91
877-8772313,27,34,61
877-8772317,17,13,30
877-8772335,15,16,31
877-8772400,20,10,30
877-8772401,11,21,32
877-8772402,16,15,31
877-8772403,17,26,43
877-8772405,17,17,34
877-8772416,12,18,30
877-8772420,13,15,28
877-8772421,32,29,61
877-8772423,14,15,29
877-8772426,13,15,28
877-8772433,12,19,31
877-8772677,18,24,42
877-8772685,34,26,60
877-8772687,21,22,43
877-8772697,19,32,51
877-8772717,32,41,73
877-8772722,15,13,28
877-8772728,44,50,94
877-8772729,10,11,21
877-8772730,14,17,31
877-8772731,19,19,38
877-8772732,10,17,27
877-8773302,29,24,53
877-8773304,33,27,60
877-8773308,15,15,30
877-8773310,15,13,28
877-8773313,14,16,30
877-8773316,16,10,26
877-8773400,14,11,25
877-8773401,11,15,26
877-8773402,12,18,30
877-8773404,13,12,25
877-8773409,9,13,22
877-8773410,18,10,28
877-8773505,27,33,60
877-8773508,12,19,31
877-8773512,22,9,31
877-8773600,6,10,16
877-8773601,21,24,45
877-8773602,12,7,19
877-8773603,12,17,29
877-8773609,16,14,30
877-8773610,6,18,24
877-8773611,12,18,30
877-8773612,17,14,31
877-8773613,17,14,31
877-8773622,30,14,44
877-8773627,17,19,36
877-8773629,20,14,34
877-8773638,24,22,46
877-8773639,14,17,31
877-8773642,24,36,60
877-8773643,15,15,30
877-8773794,31,27,58
877-8777001,1,6,7
877-8777002,1,4,5
877-8777100,0,0,0
877-8777103,0,1,1
878-8780611,0,0,0
878-8781110,0,0,0
878-8781111,1,3,4
878-8781112,1,3,4
878-8781113,0,1,1
878-8782000,12,14,26
878-8782001,18,27,45
878-8782002,6,10,16
878-8782003,18,12,30
878-8782004,27,37,64
878-8782005,23,25,48
878-8782006,2,6,8
878-8782007,3,6,9
878-8782008,1,1,2
878-8782009,9,18,27
878-8782010,17,15,32
878-8782011,15,15,30
878-8782012,23,31,54
878-8782013,40,50,90
878-8782015,13,6,19
878-8782017,28,32,60
878-8782021,10,5,15
878-8782022,37,39,76
878-8782025,23,25,48
878-8782027,41,46,87
878-8782028,28,23,51
878-8782029,13,13,26
878-8782030,32,28,60
878-8782031,26,27,53
878-8782032,12,17,29
878-8782034,44,46,90
878-8782036,7,15,22
878-8782040,34,44,78
878-8782042,28,39,67
878-8782043,16,14,30
878-8782044,19,25,44
878-8782045,29,30,59
878-8782046,0,0,0
878-8782047,12,17,29
878-8782048,27,30,57
878-8782049,27,29,56
878-8782050,6,8,14
878-8782051,32,26,58
878-8782052,1,3,4
878-8782053,0,2,2
878-8782054,14,14,28
878-8782055,7,6,13
878-8782056,34,26,60
878-8782057,23,17,40
878-8782058,12,18,30
878-8782059,9,12,21
878-8782060,39,25,64
878-8782061,22,15,37
878-8782062,7,6,13
878-8782064,25,20,45
878-8782065,0,0,0
878-8782067,0,0,0
878-8782072,19,13,32
878-8782073,10,6,16
878-8782074,14,11,25
878-8782075,26,34,60
878-8782076,3,2,5
878-8782079,17,23,40
878-8782084,21,28,49
878-8782085,30,30,60
878-8782087,7,8,15
878-8782088,2,2,4
878-8782089,1,1,2
878-8782090,12,18,30
878-8782200,19,11,30
878-8782201,2,1,3
878-8782204,12,11,23
878-8782206,5,9,14
878-8782207,23,30,53
878-8782209,40,45,85
878-8782210,4,4,8
878-8782211,8,10,18
878-8782212,1,1,2
878-8782213,11,11,22
878-8782214,8,9,17
878-8782215,18,27,45
878-8782216,27,24,51
878-8782218,1,3,4
878-8782219,9,11,20
878-8782220,6,7,13
878-8782222,11,18,29
878-8782223,2,5,7
878-8782224,5,4,9
878-8782225,3,5,8
878-8782226,26,27,53
878-8782228,4,8,12
878-8782229,10,6,16
878-8782230,5,3,8
878-8782231,4,9,13
878-8782233,7,12,19
878-8782234,5,2,7
878-8782235,2,3,5
878-8782236,14,15,29
878-8782237,4,9,13
878-8782238,12,7,19
878-8782239,12,4,16
878-8782240,8,7,15
878-8782241,1,2,3
878-8782242,11,3,14
878-8782243,5,4,9
878-8782244,3,5,8
878-8782245,12,20,32
878-8782246,27,29,56
878-8782248,2,1,3
878-8782249,11,4,15
878-8782252,16,15,31
878-8782253,17,15,32
878-8782254,7,16,23
878-8782255,5,1,6
878-8782256,18,15,33
878-8782257,16,18,34
878-8782258,37,28,65
878-8782260,4,5,9
878-8782400,10,5,15
878-8782401,18,12,30
878-8782402,12,20,32
878-8782403,8,8,16
878-8782404,25,16,41
878-8782408,5,7,12
878-8782409,10,22,32
878-8782410,10,3,13
878-8782411,6,7,13
878-8782416,8,9,17
878-8782417,1,4,5
878-8782418,7,3,10
878-8782419,9,5,14
878-8782420,19,33,52
878-8782421,5,1,6
878-8782423,14,16,30
878-8782424,8,5,13
878-8782425,32,25,57
878-8782427,1,9,10
878-8782428,6,8,14
878-8782430,13,13,26
878-8782431,29,28,57
878-8782432,22,20,42
878-8782440,14,17,31
878-8782441,14,13,27
878-8782442,10,15,25
878-8782443,7,14,21
878-8782444,7,9,16
878-8782445,8,9,17
878-8782446,10,21,31
878-8782448,30,32,62
878-8782461,16,18,34
878-8782463,5,7,12
878-8782472,27,35,62
878-8782474,34,28,62
878-8782476,23,27,50
878-8782600,6,13,19
878-8782601,5,2,7
878-8782602,4,5,9
878-8782603,13,14,27
878-8782604,5,6,11
878-8782605,13,15,28
878-8782607,3,1,4
878-8782608,14,17,31
878-8782609,6,11,17
878-8782610,14,24,38
878-8782612,4,9,13
878-8782613,0,2,2
878-8782614,5,6,11
878-8782615,14,16,30
878-8782616,38,52,90
878-8782617,5,4,9
878-8782618,2,6,8
878-8782619,18,10,28
878-8782622,6,2,8
878-8782623,27,30,57
878-8782624,14,16,30
878-8782625,15,16,31
878-8782626,12,15,27
878-8782709,21,27,48
878-8782710,2,5,7
878-8782715,12,14,26
878-8782716,17,23,40
878-8782717,8,6,14
878-8782718,1,4,5
878-8782719,18,12,30
878-8782720,18,26,44
878-8782721,21,28,49
878-8782722,17,9,26
878-8782723,20,24,44
878-8782724,33,26,59
878-8782727,21,18,39
878-8783001,9,2,11
878-8783002,4,4,8
878-8783003,3,1,4
878-8783004,5,3,8
878-8783005,21,26,47
878-8783008,10,7,17
878-8783011,51,40,91
878-8783012,4,0,4
878-8783013,16,15,31
878-8783014,13,10,23
878-8783015,7,3,10
878-8783016,3,5,8
878-8783017,4,7,11
878-8783019,6,7,13
878-8783020,11,1,12
878-8783022,6,9,15
878-8783023,9,8,17
878-8783024,7,9,16
878-8783025,4,9,13
878-8783026,7,4,11
878-8783028,9,19,28
878-8783053,7,6,13
878-8783056,2,3,5
878-8783057,6,7,13
878-8783059,7,6,13
878-8783060,14,11,25
878-8783061,31,45,76
878-8783062,8,4,12
878-8783063,16,20,36
878-8783064,4,7,11
878-8783065,62,62,124
878-8783066,6,0,6
878-8783068,4,2,6
878-8783069,26,34,60
878-8783070,22,22,44
878-8783100,6,8,14
878-8783101,1,7,8
878-8783102,16,26,42
878-8783104,9,5,14
878-8783105,32,26,58
878-8783106,7,6,13
878-8783107,23,18,41
878-8783108,6,6,12
878-8783110,9,3,12
878-8783111,9,3,12
878-8783112,27,28,55
878-8783114,3,8,11
878-8783115,8,5,13
878-8783123,3,6,9
878-8783124,2,5,7
878-8783127,9,15,24
878-8783128,34,25,59
878-8783151,9,9,18
878-8783152,5,3,8
878-8783153,6,6,12
878-8783154,2,2,4
878-8783155,8,3,11
878-8783156,14,13,27
878-8783157,1,4,5
878-8783165,10,13,23
878-8783300,8,1,9
878-8783301,6,8,14
878-8783303,10,11,21
878-8783304,22,23,45
878-8783305,6,11,17
878-8783306,11,10,21
878-8783307,6,7,13
878-8783308,3,7,10
878-8783309,13,11,24
878-8783310,13,14,27
878-8783311,0,0,0
878-8783312,9,18,27
878-8783313,7,6,13
878-8783316,5,4,9
878-8783317,3,7,10
878-8783318,39,43,82
878-8783319,9,7,16
878-8783320,8,17,25
878-8783321,14,13,27
878-8783322,7,3,10
878-8783323,12,18,30
878-8783328,32,27,59
878-8783375,28,30,58
878-8783450,15,15,30
878-8783451,33,32,65
878-8783452,12,17,29
878-8783453,4,3,7
878-8783454,2,5,7
878-8783455,5,1,6
878-8783456,1,3,4
878-8783457,24,24,48
878-8783459,11,9,20
878-8783460,9,6,15
878-8783462,11,6,17
878-8783602,5,4,9
878-8783603,3,6,9
878-8783604,5,4,9
878-8783605,8,12,20
878-8783606,5,9,14
878-8783607,16,15,31
878-8783608,7,6,13
878-8783610,9,11,20
878-8783612,10,9,19
878-8783620,13,16,29
878-8783751,10,6,16
878-8783752,19,12,31
878-8783753,6,6,12
878-8783755,7,2,9
878-8783768,23,34,57
878-8783771,6,10,16
878-8783772,5,1,6
878-8783773,13,13,26
878-8783774,18,20,38
878-8783777,25,20,45
878-8783779,14,15,29
878-8784002,16,12,28
878-8784013,10,8,18
878-8786905,9,7,16
878-8787002,4,9,13
878-8787006,0,16,16
878-8787008,0,3,3
878-8787020,1,4,5
878-8787021,2,6,8
878-8787043,1,5,6
878-8787044,2,4,6
878-8787081,0,0,0
878-8787082,0,0,0
878-8787083,0,0,0
878-8787087,0,0,0
878-8787088,0,3,3
879-8791106,0,2,2
879-8792000,18,31,49
879-8792001,12,6,18
879-8792002,11,15,26
879-8792003,10,17,27
879-8792004,13,12,25
879-8792005,35,27,62
879-8792006,46,49,95
879-8792007,15,7,22
879-8792021,28,32,60
879-8792627,29,21,50
879-8792630,11,8,19
879-8792636,36,54,90
879-8792638,11,20,31
879-8792639,18,24,42
879-8792640,13,28,41
879-8792643,14,15,29
879-8792646,25,32,57
879-8792657,21,36,57
879-8792659,16,14,30
879-8792660,10,16,26
879-8792665,16,14,30
879-8792670,18,18,36
879-8792671,23,34,57
879-8792672,10,11,21
879-8792674,12,8,20
879-8792677,21,38,59
879-8792681,35,50,85
879-8792682,7,11,18
879-8792683,12,9,21
879-8792688,14,15,29
879-8792691,16,16,32
879-8792693,32,26,58
879-8792694,34,27,61
879-8792695,12,17,29
879-8792696,18,14,32
879-8792699,27,35,62
879-8792701,28,34,62
879-8792702,14,13,27
879-8792703,22,32,54
879-8792705,33,27,60
879-8792706,10,19,29
879-8792707,20,10,30
879-8792708,25,16,41
879-8792724,37,23,60
879-8792729,21,31,52
879-8792730,29,30,59
879-8793159,31,37,68
879-8793160,16,14,30
879-8793161,22,26,48
879-8793162,13,14,27
879-8793757,21,18,39
879-8793759,13,10,23
879-8793761,12,18,30
879-8793762,15,9,24
879-8793763,12,7,19
879-8793765,13,17,30
879-8793766,10,14,24
879-8793767,19,26,45
879-8793768,46,44,90
879-8793769,25,20,45
879-8793770,34,23,57
879-8793771,28,32,60
879-8793772,27,36,63
879-8793774,44,42,86
879-8793775,34,25,59
879-8793777,18,26,44
879-8794001,30,29,59
879-8796002,0,0,0
879-8797062,3,3,6
879-8797063,0,4,4
879-8797065,2,11,13
879-8797067,0,4,4
879-8797068,1,7,8
879-8797069,2,13,15
880-8802000,24,30,54
880-8802001,37,41,78
880-8802002,34,24,58
880-8802003,25,29,54
880-8802004,28,17,45
880-8802407,22,22,44
880-8802438,49,41,90
880-8802439,48,40,88
880-8802453,20,40,60
880-8802455,14,15,29
880-8802456,22,36,58
880-8802460,8,14,22
880-8802468,26,29,55
880-8802469,48,44,92
880-8802473,22,21,43
880-8803103,14,17,31
880-8803119,13,12,25
880-8803120,8,6,14
880-8803121,25,30,55
880-8803600,13,17,30
880-8803601,13,10,23
880-8803613,22,6,28
880-8803614,14,15,29
880-8803615,17,12,29
880-8803616,21,20,41
880-8803617,10,10,20
880-8803618,19,22,41
880-8803619,17,13,30
880-8803751,25,38,63
880-8805200,26,32,58
880-8806000,0,0,0
880-8807041,1,2,3
880-8807042,9,12,21
881-8811102,0,1,1
881-8811112,1,3,4
881-8811120,0,2,2
881-8812000,38,24,62
881-8812001,42,46,88
881-8812003,32,28,60
881-8812004,28,30,58
881-8812005,16,30,46
881-8812006,15,16,31
881-8812007,30,36,66
881-8812008,24,36,60
881-8812010,18,10,28
881-8812011,30,31,61
881-8812012,14,27,41
881-8812013,22,38,60
881-8812014,31,43,74
881-8812015,41,49,90
881-8812018,23,36,59
881-8812020,24,34,58
881-8812022,42,49,91
881-8812023,23,37,60
881-8812024,22,22,44
881-8812025,35,25,60
881-8812026,53,64,117
881-8812028,17,13,30
881-8812030,20,16,36
881-8812031,14,14,28
881-8812032,9,4,13
881-8812033,34,25,59
881-8812034,7,10,17
881-8812035,17,12,29
881-8812036,8,10,18
881-8812037,14,18,32
881-8812038,13,10,23
881-8812039,11,5,16
881-8812041,20,20,40
881-8812042,17,7,24
881-8812043,11,12,23
881-8812044,13,6,19
881-8812045,17,14,31
881-8812046,13,15,28
881-8812050,10,9,19
881-8812051,9,8,17
881-8812054,20,20,40
881-8812055,35,29,64
881-8812057,32,25,57
881-8812059,25,25,50
881-8812060,27,18,45
881-8812062,35,42,77
881-8812064,16,15,31
881-8812067,39,41,80
881-8812072,44,51,95
881-8812073,26,31,57
881-8812074,7,15,22
881-8812075,29,32,61
881-8812079,13,12,25
881-8812080,30,30,60
881-8812081,28,28,56
881-8812082,27,30,57
881-8812083,37,21,58
881-8812084,17,15,32
881-8812088,8,3,11
881-8812090,23,22,45
881-8812091,15,15,30
881-8812092,15,14,29
881-8812093,29,27,56
881-8812094,31,32,63
881-8812095,12,12,24
881-8812096,14,17,31
881-8812097,29,32,61
881-8812098,12,19,31
881-8812099,13,13,26
881-8812100,5,5,10
881-8812103,50,43,93
881-8812105,10,20,30
881-8812106,9,8,17
881-8812107,28,26,54
881-8812108,36,45,81
881-8812109,18,12,30
881-8812110,18,11,29
881-8812111,13,16,29
881-8812114,12,17,29
881-8812115,23,27,50
881-8812116,29,32,61
881-8812117,12,18,30
881-8812118,8,8,16
881-8812119,5,4,9
881-8812121,16,10,26
881-8812123,12,3,15
881-8812124,3,4,7
881-8812125,21,20,41
881-8812126,22,23,45
881-8812127,27,34,61
881-8812128,9,4,13
881-8812129,38,22,60
881-8812130,31,29,60
881-8812131,26,26,52
881-8812132,8,17,25
881-8812133,33,27,60
881-8812134,24,28,52
881-8812135,0,0,0
881-8812136,13,17,30
881-8812137,24,26,50
881-8812138,3,6,9
881-8812139,15,25,40
881-8812141,22,22,44
881-8812143,15,15,30
881-8812144,9,18,27
881-8812145,30,43,73
881-8812146,41,34,75
881-8812147,13,17,30
881-8812148,26,26,52
881-8812149,25,33,58
881-8812150,62,48,110
881-8812155,7,9,16
881-8812156,13,12,25
881-8812157,21,22,43
881-8812158,43,46,89
881-8812160,15,13,28
881-8812161,7,8,15
881-8812162,14,21,35
881-8812163,5,16,21
881-8812164,13,23,36
881-8812165,41,34,75
881-8812167,35,33,68
881-8812180,70,73,143
881-8812181,30,34,64
881-8812191,10,9,19
881-8812210,25,17,42
881-8812250,15,15,30
881-8812251,5,4,9
881-8812261,11,4,15
881-8812271,48,48,96
881-8812297,12,13,25
881-8812300,46,42,88
881-8812310,27,33,60
881-8812311,35,25,60
881-8812317,15,12,27
881-8812330,18,12,30
881-8812370,12,9,21
881-8812374,25,15,40
881-8812380,6,9,15
881-8812410,16,15,31
881-8812414,14,15,29
881-8812424,39,20,59
881-8812450,17,15,32
881-8812460,9,10,19
881-8812473,21,39,60
881-8812500,2,2,4
881-8812503,42,39,81
881-8812510,16,14,30
881-8812520,16,16,32
881-8812550,13,3,16
881-8812559,37,52,89
881-8812568,12,15,27
881-8812578,59,53,112
881-8812581,32,28,60
881-8812588,30,30,60
881-8812589,47,49,96
881-8812590,7,12,19
881-8812598,34,26,60
881-8812601,30,33,63
881-8812606,52,32,84
881-8812609,25,35,60
881-8812611,26,29,55
881-8812620,13,21,34
881-8812624,6,7,13
881-8812630,12,15,27
881-8812640,13,11,24
881-8812647,26,26,52
881-8812649,32,28,60
881-8812655,24,31,55
881-8812656,23,22,45
881-8812659,18,11,29
881-8812660,9,11,20
881-8812665,29,34,63
881-8812666,4,6,10
881-8812680,14,13,27
881-8812681,27,30,57
881-8812685,14,17,31
881-8812687,28,31,59
881-8812690,21,11,32
881-8812696,14,16,30
881-8812699,39,36,75
881-8812710,6,11,17
881-8812720,15,11,26
881-8812730,8,4,12
881-8812733,12,13,25
881-8812740,16,13,29
881-8812747,11,18,29
881-8812750,10,6,16
881-8812757,13,15,28
881-8812759,42,46,88
881-8812760,10,11,21
881-8812767,39,51,90
881-8812770,4,2,6
881-8812779,15,22,37
881-8812781,36,47,83
881-8812785,19,25,44
881-8812789,16,13,29
881-8812798,20,40,60
881-8812799,7,11,18
881-8812811,42,48,90
881-8812821,30,30,60
881-8812823,25,20,45
881-8812833,27,31,58
881-8812838,14,15,29
881-8812839,40,51,91
881-8812840,7,12,19
881-8812850,30,30,60
881-8812853,35,22,57
881-8812873,15,30,45
881-8812879,45,36,81
881-8812891,46,39,85
881-8812901,19,12,31
881-8812915,11,18,29
881-8812918,18,12,30
881-8812919,13,17,30
881-8812950,36,27,63
881-8812973,23,37,60
881-8812983,16,15,31
881-8812994,25,19,44
881-8812998,18,34,52
881-8812999,32,30,62
881-8813001,15,14,29
881-8813003,18,12,30
881-8813006,14,16,30
881-8813008,1,6,7
881-8813009,5,6,11
881-8813010,11,8,19
881-8813013,18,9,27
881-8813015,3,7,10
881-8813018,11,16,27
881-8813019,6,9,15
881-8813020,14,18,32
881-8813021,8,10,18
881-8813022,20,10,30
881-8813023,12,18,30
881-8813024,9,9,18
881-8813025,5,3,8
881-8813026,17,12,29
881-8813027,17,14,31
881-8813028,23,19,42
881-8813029,25,35,60
881-8813030,8,10,18
881-8813032,10,8,18
881-8813040,13,15,28
881-8813102,7,14,21
881-8813103,11,11,22
881-8813122,32,29,61
881-8813123,11,9,20
881-8813124,8,6,14
881-8813125,15,14,29
881-8813128,19,11,30
881-8813131,12,6,18
881-8813132,30,29,59
881-8813201,19,26,45
881-8813205,6,11,17
881-8813207,9,13,22
881-8813208,1,1,2
881-8813209,20,24,44
881-8813211,32,26,58
881-8813212,3,9,12
881-8813213,4,11,15
881-8813214,20,13,33
881-8813215,7,4,11
881-8813217,14,9,23
881-8813218,3,8,11
881-8813220,8,4,12
881-8813221,7,4,11
881-8813222,8,6,14
881-8813224,19,19,38
881-8813225,6,23,29
881-8813230,6,8,14
881-8813232,7,12,19
881-8813235,6,7,13
881-8813237,38,22,60
881-8813238,11,6,17
881-8813239,4,5,9
881-8813241,8,14,22
881-8813244,10,17,27
881-8813247,9,6,15
881-8813250,46,44,90
881-8813251,15,12,27
881-8813252,32,29,61
881-8813253,25,24,49
881-8813254,26,35,61
881-8813255,27,30,57
881-8813256,25,20,45
881-8813257,17,28,45
881-8813302,9,7,16
881-8813303,15,20,35
881-8813304,5,5,10
881-8813305,5,9,14
881-8813308,3,7,10
881-8813309,9,9,18
881-8813310,7,7,14
881-8813314,6,3,9
881-8813321,19,13,32
881-8813324,13,14,27
881-8813401,22,7,29
881-8813402,15,15,30
881-8813411,11,16,27
881-8813422,12,19,31
881-8813430,11,16,27
881-8813431,30,30,60
881-8813440,23,36,59
881-8813441,19,13,32
881-8813450,18,12,30
881-8813452,29,31,60
881-8813460,11,5,16
881-8813461,36,28,64
881-8813462,23,22,45
881-8813467,8,21,29
881-8813470,9,6,15
881-8813471,35,26,61
881-8813501,14,17,31
881-8813530,13,10,23
881-8813560,1,3,4
881-8813570,12,8,20
881-8813580,11,5,16
881-8813592,40,36,76
881-8813610,12,15,27
881-8813612,18,12,30
881-8813660,3,3,6
881-8813670,18,13,31
881-8813700,4,2,6
881-8813710,12,18,30
881-8813730,9,8,17
881-8813770,14,16,30
881-8813780,23,19,42
881-8813781,32,27,59
881-8813790,18,10,28
881-8813795,11,1,12
881-8813810,21,30,51
881-8813811,14,16,30
881-8813813,15,16,31
881-8813814,10,14,24
881-8813815,11,19,30
881-8813820,5,9,14
881-8813822,13,17,30
881-8813823,31,30,61
881-8813824,13,17,30
881-8813825,37,23,60
881-8813826,9,20,29
881-8813832,23,22,45
881-8813833,47,43,90
881-8813834,26,36,62
881-8813835,35,23,58
881-8813837,26,33,59
881-8813839,27,32,59
881-8813840,16,20,36
881-8813841,44,31,75
881-8815200,32,28,60
881-8815201,29,31,60
881-8815202,21,11,32
881-8815204,27,35,62
881-8815208,9,22,31
881-8815211,25,17,42
881-8815213,29,30,59
881-8815215,28,34,62
881-8815216,19,26,45
881-8815218,17,16,33
881-8815220,15,18,33
881-8815221,12,18,30
881-8815222,29,31,60
881-8815223,13,17,30
881-8815224,15,15,30
881-8815226,11,18,29
881-8815228,23,37,60
881-8815229,16,29,45
881-8815232,14,20,34
881-8815233,51,44,95
881-8815234,15,15,30
881-8815235,10,19,29
881-8815238,57,67,124
881-8815241,16,19,35
881-8815242,26,34,60
881-8815243,23,22,45
881-8815246,40,45,85
881-8815247,24,27,51
881-8815248,20,19,39
881-8815249,28,17,45
881-8815250,10,22,32
881-8815251,35,42,77
881-8815252,18,27,45
881-8815253,51,39,90
881-8815255,24,31,55
881-8815257,14,16,30
881-8815258,28,32,60
881-8815259,21,39,60
881-8815260,24,22,46
881-8815261,29,31,60
881-8815262,19,17,36
881-8815264,39,50,89
881-8815265,11,18,29
881-8815269,24,33,57
881-8815270,13,17,30
881-8815271,30,42,72
881-8815272,20,18,38
881-8815274,20,20,40
881-8815275,16,14,30
881-8815278,28,34,62
881-8815279,28,32,60
881-8815280,32,27,59
881-8815951,1,4,5
881-8816001,0,0,0
881-8816002,0,0,0
881-8816005,0,0,0
881-8816006,0,0,0
881-8816007,0,0,0
881-8816008,0,0,0
881-8816017,0,0,0
881-8816034,0,0,0
881-8816056,0,0,0
881-8817000,0,0,0
881-8817001,5,7,12
881-8817002,0,2,2
881-8817003,0,0,0
881-8817013,0,3,3
881-8817022,0,10,10
881-8817030,0,5,5
881-8817036,2,3,5
881-8817044,7,6,13
881-8817045,3,7,10
881-8817048,4,18,22
881-8817050,2,1,3
881-8817054,7,6,13
881-8817060,3,5,8
881-8817063,2,7,9
881-8817065,2,11,13
881-8817069,3,4,7
881-8817070,3,5,8
881-8817071,3,10,13
882-8821102,0,1,1
882-8822000,23,33,56
882-8822001,22,27,49
882-8822004,47,41,88
882-8822019,54,65,119
882-8822023,45,44,89
882-8822092,75,76,151
882-8822094,15,15,30
882-8822096,45,44,89
882-8822104,59,60,119
882-8822108,66,62,128
882-8822123,30,36,66
882-8822124,15,19,34
882-8822126,29,31,60
882-8822127,55,43,98
882-8822132,56,63,119
882-8822387,41,48,89
882-8822407,27,34,61
882-8823325,50,36,86
882-8823326,15,15,30
882-8823327,14,16,30
882-8823328,38,21,59
882-8823329,17,13,30
882-8823822,39,45,84
882-8823823,26,33,59
882-8823824,28,30,58
882-8823825,28,32,60
882-8823826,23,37,60
882-8825225,40,43,83
882-8825273,38,49,87
882-8825950,3,13,16
882-8826000,0,0,0
882-8826001,0,0,0
882-8827000,0,2,2
882-8827001,8,7,15
883-8831100,0,0,0
883-8832000,41,46,87
883-8832001,33,57,90
883-8832002,37,43,80
883-8832003,12,17,29
883-8832004,29,31,60
883-8832005,48,38,86
883-8832006,31,30,61
883-8832007,28,28,56
883-8832008,0,0,0
883-8832009,48,69,117
883-8832011,16,14,30
883-8832013,5,4,9
883-8832024,27,33,60
883-8832078,27,33,60
883-8832137,30,28,58
883-8832382,28,31,59
883-8832402,52,37,89
883-8832429,24,36,60
883-8832439,22,37,59
883-8832462,29,28,57
883-8832472,40,48,88
883-8832542,44,44,88
883-8832592,42,41,83
883-8832622,34,27,61
883-8832644,27,29,56
883-8832722,32,25,57
883-8832824,58,39,97
883-8832942,23,36,59
883-8832984,57,61,118
883-8832985,28,29,57
883-8832987,49,40,89
883-8833502,12,18,30
883-8833512,23,16,39
883-8833522,25,5,30
883-8833603,37,52,89
883-8833605,22,21,43
883-8833822,17,13,30
883-8835266,33,24,57
883-8835281,16,14,30
883-8837032,10,9,19
883-8837072,2,3,5
884-8842001,3,5,8
884-8842002,11,17,28
884-8842003,39,37,76
884-8842005,16,14,30
884-8842011,0,1,1
884-8842014,7,14,21
884-8842024,12,13,25
884-8842029,6,6,12
884-8842031,5,5,10
884-8842046,4,8,12
884-8842053,5,4,9
884-8842056,18,8,26
884-8842057,18,19,37
884-8842061,45,41,86
884-8842063,27,32,59
884-8842067,23,24,47
884-8842071,38,47,85
884-8842094,6,1,7
884-8842095,13,14,27
884-8842096,16,7,23
884-8842098,28,33,61
884-8842101,3,1,4
884-8842102,10,17,27
884-8842103,5,6,11
884-8842104,8,21,29
884-8842115,6,9,15
884-8842116,10,2,12
884-8842122,12,11,23
884-8842138,26,24,50
884-8842146,4,4,8
884-8842148,10,7,17
884-8842152,4,0,4
884-8842154,12,10,22
884-8842155,8,20,28
884-8842157,3,5,8
884-8842158,9,12,21
884-8842159,15,10,25
884-8842160,3,7,10
884-8843006,9,12,21
884-8843010,4,7,11
884-8843015,3,1,4
884-8843021,4,10,14
884-8843023,15,12,27
884-8843026,19,11,30
884-8843035,10,8,18
884-8843037,4,3,7
884-8843046,5,10,15
884-8843047,13,16,29
884-8843055,29,34,63
884-8843071,9,4,13
884-8843078,11,10,21
884-8843079,9,16,25
884-8843083,7,13,20
884-8843102,7,12,19
884-8843304,4,2,6
884-8843305,10,6,16
884-8843307,10,8,18
884-8843315,14,8,22
884-8843325,7,14,21
884-8843330,14,13,27
884-8843331,11,19,30
884-8843332,18,13,31
884-8843333,26,38,64
884-8843341,7,7,14
884-8843342,12,12,24
884-8843347,6,11,17
884-8843348,7,7,14
884-8843349,4,11,15
884-8843351,1,3,4
884-8843363,6,9,15
884-8843366,6,9,15
884-8843367,3,1,4
884-8843372,6,7,13
884-8843378,8,7,15
884-8843384,1,4,5
884-8843385,5,13,18
884-8843393,36,52,88
884-8846008,5,3,8
884-8846906,16,10,26
884-8847004,1,5,6
884-8847007,2,6,8
884-8847008,1,3,4
885-8851103,0,2,2
885-8851105,0,2,2
885-8852000,31,25,56
885-8852005,28,36,64
885-8852010,10,26,36
885-8852011,12,15,27
885-8852014,0,0,0
885-8852032,5,1,6
885-8852055,44,46,90
885-8852078,11,11,22
885-8852080,20,16,36
885-8852105,23,25,48
885-8852135,36,22,58
885-8852153,7,3,10
885-8852156,10,10,20
885-8852161,33,56,89
885-8852162,39,20,59
885-8852163,14,14,28
885-8852167,34,25,59
885-8852172,29,31,60
885-8852173,24,36,60
885-8852179,31,23,54
885-8852188,27,15,42
885-8852197,16,14,30
885-8852200,45,44,89
885-8852202,26,34,60
885-8852204,33,24,57
885-8852901,23,34,57
885-8852902,10,18,28
885-8852903,31,30,61
885-8852904,8,14,22
885-8852906,0,0,0
885-8852907,30,26,56
885-8852908,13,9,22
885-8852910,41,63,104
885-8852911,21,22,43
885-8852914,9,5,14
885-8852915,50,43,93
885-8852916,0,0,0
885-8852917,0,0,0
885-8852918,25,35,60
885-8852921,22,33,55
885-8853000,10,9,19
885-8853001,3,7,10
885-8853002,16,9,25
885-8853005,8,8,16
885-8853008,11,14,25
885-8853010,7,11,18
885-8853011,25,18,43
885-8853012,14,17,31
885-8853013,11,17,28
885-8853014,9,6,15
885-8853015,11,14,25
885-8853016,19,10,29
885-8853017,12,2,14
885-8853019,16,13,29
885-8853021,30,30,60
885-8853022,6,7,13
885-8853023,13,8,21
885-8853024,23,24,47
885-8853026,15,11,26
885-8853039,10,5,15
885-8853048,9,6,15
885-8853051,10,6,16
885-8853074,9,11,20
885-8853077,12,10,22
885-8853085,4,1,5
885-8853089,12,17,29
885-8853097,12,17,29
885-8853098,11,10,21
885-8853104,16,16,32
885-8853107,16,15,31
885-8853109,4,7,11
885-8853110,13,17,30
885-8853114,26,35,61
885-8853116,14,15,29
885-8853205,0,0,0
885-8853208,16,14,30
885-8853210,16,26,42
885-8853300,7,9,16
885-8853308,7,8,15
885-8853309,5,6,11
885-8853316,10,2,12
885-8853317,11,16,27
885-8853322,15,15,30
885-8853328,6,15,21
885-8853329,11,18,29
885-8853330,14,14,28
885-8853331,14,11,25
885-8853332,11,13,24
885-8853350,8,5,13
885-8853353,9,6,15
885-8853354,12,14,26
885-8853357,14,16,30
885-8853358,12,14,26
885-8853359,8,8,16
885-8853360,9,7,16
885-8853368,12,14,26
885-8853369,9,19,28
885-8853380,10,10,20
885-8853381,8,10,18
885-8853387,15,15,30
885-8853388,17,13,30
885-8853389,21,9,30
885-8853390,20,11,31
885-8853391,14,16,30
885-8853393,14,14,28
885-8853397,23,23,46
885-8853400,18,18,36
885-8853401,37,51,88
885-8854006,0,0,0
885-8854009,0,0,0
885-8854400,0,0,0
885-8854401,0,0,0
885-8854402,0,0,0
885-8854403,0,0,0
885-8854408,0,0,0
885-8854418,0,0,0
885-8854422,0,0,0
885-8854427,0,0,0
885-8854436,0,0,0
885-8854575,0,0,0
885-8854576,0,0,0
885-8854579,0,0,0
885-8855401,0,0,0
885-8855404,0,0,0
885-8856009,30,18,48
885-8857000,0,4,4
885-8857001,3,7,10
885-8857003,0,5,5
885-8857009,0,7,7
885-8857011,0,6,6
885-8857015,1,5,6
885-8857025,8,16,24
885-8857026,3,14,17
886-8862000,28,20,48
886-8862001,14,16,30
886-8862002,22,38,60
886-8862003,13,14,27
886-8862004,8,16,24
886-8862006,11,18,29
886-8862007,19,19,38
886-8862008,27,34,61
886-8862009,23,27,50
886-8862010,18,31,49
886-8862011,23,35,58
886-8862013,9,6,15
886-8862014,21,36,57
886-8862015,34,53,87
886-8862017,34,46,80
886-8862018,21,17,38
886-8862019,21,32,53
886-8862020,23,39,62
886-8862021,15,14,29
886-8862022,14,15,29
886-8862023,12,11,23
886-8862024,29,30,59
886-8862025,7,15,22
886-8862026,9,5,14
886-8862027,18,21,39
886-8862028,49,42,91
886-8862029,28,28,56
886-8862030,15,17,32
886-8862033,24,22,46
886-8862034,13,24,37
886-8862036,12,4,16
886-8862037,5,10,15
886-8862038,3,9,12
886-8862039,8,6,14
886-8862041,17,12,29
886-8862043,0,7,7
886-8862044,43,53,96
886-8862045,0,0,0
886-8862048,33,39,72
886-8862049,14,6,20
886-8862051,16,14,30
886-8862052,41,47,88
886-8862054,10,16,26
886-8862055,27,32,59
886-8862058,15,11,26
886-8862059,17,17,34
886-8862060,32,27,59
886-8862061,13,14,27
886-8862062,13,14,27
886-8862063,23,25,48
886-8862064,6,8,14
886-8862065,37,53,90
886-8862066,32,27,59
886-8862069,53,37,90
886-8862073,0,0,0
886-8862074,22,19,41
886-8862076,0,0,0
886-8862077,14,16,30
886-8862078,29,19,48
886-8862079,50,46,96
886-8862080,26,31,57
886-8862081,10,2,12
886-8862085,13,7,20
886-8862086,0,0,0
886-8862087,12,15,27
886-8862088,13,17,30
886-8862089,21,24,45
886-8862090,34,20,54
886-8862092,44,37,81
886-8862094,14,17,31
886-8862095,28,26,54
886-8862096,62,58,120
886-8862109,17,15,32
886-8862110,13,18,31
886-8862116,16,12,28
886-8862120,11,19,30
886-8862127,47,36,83
886-8862128,16,16,32
886-8862130,10,7,17
886-8862132,22,10,32
886-8862133,5,7,12
886-8862134,9,7,16
886-8862135,16,15,31
886-8862136,9,19,28
886-8862137,12,7,19
886-8862138,21,30,51
886-8862139,37,39,76
886-8862141,45,51,96
886-8862142,13,9,22
886-8862147,7,13,20
886-8862148,3,6,9
886-8862155,23,24,47
886-8862156,36,22,58
886-8862161,13,17,30
886-8862163,20,9,29
886-8862164,9,15,24
886-8862165,17,14,31
886-8862166,10,5,15
886-8862167,14,17,31
886-8862168,17,14,31
886-8862169,7,8,15
886-8862171,28,31,59
886-8862172,26,36,62
886-8862175,52,38,90
886-8862176,19,23,42
886-8862180,17,14,31
886-8862183,16,12,28
886-8862185,17,16,33
886-8862187,13,17,30
886-8862188,5,7,12
886-8862189,19,11,30
886-8862190,4,4,8
886-8862191,45,44,89
886-8862192,24,34,58
886-8862193,7,22,29
886-8862223,15,15,30
886-8862226,6,11,17
886-8862227,15,15,30
886-8862228,25,33,58
886-8862229,7,8,15
886-8862230,35,29,64
886-8862231,8,13,21
886-8862232,12,20,32
886-8862233,9,5,14
886-8862235,42,46,88
886-8862237,30,30,60
886-8862239,6,7,13
886-8862245,19,10,29
886-8862246,12,20,32
886-8862249,31,29,60
886-8862254,15,14,29
886-8862258,31,32,63
886-8862259,25,24,49
886-8862264,46,43,89
886-8862265,8,6,14
886-8862269,32,40,72
886-8862270,12,19,31
886-8862272,29,30,59
886-8862275,14,16,30
886-8862278,8,4,12
886-8862279,7,7,14
886-8862280,15,16,31
886-8862282,46,46,92
886-8862285,17,12,29
886-8862286,22,22,44
886-8862287,8,7,15
886-8862288,14,6,20
886-8862289,12,8,20
886-8862296,15,13,28
886-8862298,26,33,59
886-8862300,6,12,18
886-8862307,30,30,60
886-8862309,20,34,54
886-8862310,30,29,59
886-8862312,34,29,63
886-8862313,16,14,30
886-8862315,16,12,28
886-8862318,6,5,11
886-8862320,13,6,19
886-8862321,6,9,15
886-8862322,11,9,20
886-8862326,14,18,32
886-8862327,7,6,13
886-8862431,67,53,120
886-8862434,36,24,60
886-8862435,34,26,60
886-8862438,48,38,86
886-8862454,9,8,17
886-8862463,36,59,95
886-8862465,31,33,64
886-8862471,38,29,67
886-8862482,30,30,60
886-8862490,27,33,60
886-8862509,22,8,30
886-8862510,25,32,57
886-8862511,28,32,60
886-8862519,14,18,32
886-8862520,46,48,94
886-8862523,71,57,128
886-8862524,12,7,19
886-8862525,34,24,58
886-8862530,43,47,90
886-8862531,18,12,30
886-8862532,13,13,26
886-8862534,10,15,25
886-8862539,19,13,32
886-8862545,24,38,62
886-8862552,32,29,61
886-8862559,18,14,32
886-8862562,14,16,30
886-8862569,27,29,56
886-8862578,7,7,14
886-8862586,15,14,29
886-8862595,33,28,61
886-8862596,28,31,59
886-8862603,47,43,90
886-8862607,6,4,10
886-8862608,53,53,106
886-8862615,12,19,31
886-8862625,28,32,60
886-8862627,24,36,60
886-8862629,15,14,29
886-8862632,39,47,86
886-8862636,21,26,47
886-8862643,57,46,103
886-8862648,12,13,25
886-8862650,14,11,25
886-8862651,12,6,18
886-8862653,30,30,60
886-8862654,19,14,33
886-8862656,34,29,63
886-8862657,34,40,74
886-8862658,17,13,30
886-8862659,22,30,52
886-8862661,23,34,57
886-8862662,9,12,21
886-8862666,29,30,59
886-8862672,29,30,59
886-8862674,23,21,44
886-8862676,38,34,72
886-8862677,15,29,44
886-8862679,26,36,62
886-8862680,53,37,90
886-8862682,15,27,42
886-8862684,40,31,71
886-8862685,15,16,31
886-8862686,47,41,88
886-8862689,21,9,30
886-8862692,29,31,60
886-8863010,7,8,15
886-8863015,8,7,15
886-8863019,11,16,27
886-8863020,10,5,15
886-8863021,45,45,90
886-8863022,9,15,24
886-8863023,19,11,30
886-8863025,17,13,30
886-8863027,7,6,13
886-8863029,17,13,30
886-8863032,18,12,30
886-8863033,10,18,28
886-8863034,17,14,31
886-8863035,14,16,30
886-8863037,22,9,31
886-8863042,8,12,20
886-8863043,5,6,11
886-8863049,44,47,91
886-8863050,43,47,90
886-8863052,17,29,46
886-8863053,7,13,20
886-8863054,14,6,20
886-8863055,15,16,31
886-8863057,14,12,26
886-8863059,7,8,15
886-8863061,10,11,21
886-8863062,12,13,25
886-8863067,13,15,28
886-8863069,7,5,12
886-8863072,21,22,43
886-8863082,6,5,11
886-8863083,7,7,14
886-8863084,20,14,34
886-8863086,17,16,33
886-8863088,16,16,32
886-8863089,9,22,31
886-8863090,10,7,17
886-8863091,7,8,15
886-8863092,9,14,23
886-8863106,45,31,76
886-8863108,16,16,32
886-8863109,12,16,28
886-8863110,4,10,14
886-8863111,13,14,27
886-8863112,9,16,25
886-8863117,13,18,31
886-8863119,8,9,17
886-8863120,18,11,29
886-8863122,30,29,59
886-8863123,9,5,14
886-8863126,3,6,9
886-8863128,28,28,56
886-8863130,8,11,19
886-8863134,7,10,17
886-8863136,9,7,16
886-8863137,6,8,14
886-8863138,7,7,14
886-8863139,3,9,12
886-8863140,30,32,62
886-8863142,1,12,13
886-8863143,10,9,19
886-8863144,32,25,57
886-8863145,12,9,21
886-8863146,6,9,15
886-8863148,31,29,60
886-8863149,11,20,31
886-8863150,8,7,15
886-8863153,9,7,16
886-8863154,15,17,32
886-8863155,17,15,32
886-8863158,9,6,15
886-8863159,9,6,15
886-8863160,9,6,15
886-8863163,33,27,60
886-8863167,11,20,31
886-8863168,7,7,14
886-8863169,11,18,29
886-8863171,3,8,11
886-8863172,10,12,22
886-8863173,16,16,32
886-8863175,13,16,29
886-8863178,31,32,63
886-8863179,29,28,57
886-8863181,48,48,96
886-8863182,22,38,60
886-8863183,9,6,15
886-8863186,13,19,32
886-8863198,9,4,13
886-8863199,16,14,30
886-8863201,6,6,12
886-8863282,15,15,30
886-8863284,25,35,60
886-8863289,16,12,28
886-8863294,29,29,58
886-8863296,22,27,49
886-8863297,36,39,75
886-8863298,10,15,25
886-8863299,32,30,62
886-8863303,12,15,27
886-8863306,7,9,16
886-8863307,15,15,30
886-8863308,10,6,16
886-8863309,19,7,26
886-8863312,5,10,15
886-8863313,7,3,10
886-8863314,9,6,15
886-8863317,32,31,63
886-8863318,9,6,15
886-8863320,12,18,30
886-8863323,5,9,14
886-8863324,21,9,30
886-8863325,11,11,22
886-8863328,10,17,27
886-8863329,10,10,20
886-8863330,6,8,14
886-8863332,10,5,15
886-8863337,13,17,30
886-8863338,47,45,92
886-8863339,26,22,48
886-8863340,25,35,60
886-8863343,10,8,18
886-8863346,9,11,20
886-8863347,14,6,20
886-8863348,12,18,30
886-8863349,33,29,62
886-8863350,15,18,33
886-8863351,14,13,27
886-8863353,13,19,32
886-8863356,14,15,29
886-8863358,7,10,17
886-8863360,48,47,95
886-8863364,14,16,30
886-8863372,26,38,64
886-8863373,18,11,29
886-8863708,54,36,90
886-8863714,9,22,31
886-8863715,33,31,64
886-8863716,18,14,32
886-8863718,16,14,30
886-8863719,8,6,14
886-8863720,13,17,30
886-8863722,15,15,30
886-8863728,17,13,30
886-8863733,17,14,31
886-8863740,16,12,28
886-8863743,11,19,30
886-8863744,25,27,52
886-8863745,18,12,30
886-8863749,10,19,29
886-8863751,17,12,29
886-8863754,19,24,43
886-8863889,19,25,44
886-8863890,11,18,29
886-8863893,8,21,29
886-8863896,17,12,29
886-8863898,23,23,46
886-8863900,38,45,83
886-8863902,30,32,62
886-8863904,33,25,58
886-8863906,27,31,58
886-8863907,30,32,62
886-8863909,27,33,60
886-8863910,47,46,93
886-8863911,15,15,30
886-8863912,41,47,88
886-8863913,13,13,26
886-8863914,45,51,96
886-8863915,46,43,89
886-8863916,30,24,54
886-8863917,52,59,111
886-8863918,49,42,91
886-8863919,30,28,58
886-8863920,20,10,30
886-8865200,20,34,54
886-8865201,20,23,43
886-8865202,30,30,60
886-8865203,52,50,102
886-8865204,22,35,57
886-8865206,52,72,124
886-8865207,27,29,56
886-8865208,28,36,64
886-8865209,42,22,64
886-8865210,34,26,60
886-8865213,29,31,60
886-8865214,24,28,52
886-8865215,20,19,39
886-8865216,13,17,30
886-8865217,19,13,32
886-8865218,26,28,54
886-8865219,12,18,30
886-8865220,32,27,59
886-8865221,30,33,63
886-8865222,32,25,57
886-8865223,30,27,57
886-8865224,18,28,46
886-8865225,12,13,25
886-8865226,54,65,119
886-8865228,26,28,54
886-8865229,43,46,89
886-8865447,0,0,0
886-8866022,0,0,0
886-8866030,0,0,0
886-8866035,0,0,0
886-8866041,0,0,0
886-8866057,0,0,0
886-8866069,0,0,0
886-8866085,0,0,0
886-8866104,0,0,0
886-8866908,28,30,58
886-8866919,30,30,60
886-8867003,1,0,1
886-8867011,0,2,2
886-8867021,2,0,2
886-8867032,0,15,15
886-8867033,0,4,4
886-8867039,3,14,17
886-8867040,7,7,14
886-8867041,0,0,0
886-8867043,10,14,24
886-8867044,1,9,10
886-8867045,2,7,9
886-8867051,0,11,11
886-8867056,8,23,31
886-8867058,0,2,2
886-8867062,2,3,5
886-8867063,6,13,19
886-8867066,5,17,22
886-8867069,5,12,17
886-8867070,5,9,14
886-8867072,6,13,19
886-8867073,0,8,8
887-8872000,23,28,51
887-8872001,39,19,58
887-8872002,11,8,19
887-8872003,11,15,26
887-8872004,19,12,31
887-8872005,12,2,14
887-8872006,27,34,61
887-8872007,26,21,47
887-8872008,19,38,57
887-8872009,40,44,84
887-8872011,28,29,57
887-8872012,37,49,86
887-8872013,20,30,50
887-8872014,36,33,69
887-8872015,10,20,30
887-8872016,42,33,75
887-8872017,43,37,80
887-8872018,17,13,30
887-8872019,42,41,83
887-8872194,5,9,14
887-8872199,43,43,86
887-8872202,25,20,45
887-8872203,18,12,30
887-8872209,18,13,31
887-8872210,30,31,61
887-8872211,17,26,43
887-8872213,36,32,68
887-8872214,57,61,118
887-8872396,40,50,90
887-8872403,50,40,90
887-8872412,34,27,61
887-8872413,68,71,139
887-8872421,15,15,30
887-8872433,29,28,57
887-8872492,32,29,61
887-8872493,48,42,90
887-8872499,28,34,62
887-8872506,33,28,61
887-8872549,36,51,87
887-8872580,26,32,58
887-8872588,20,31,51
887-8872592,38,23,61
887-8872600,13,16,29
887-8872623,31,27,58
887-8872646,18,28,46
887-8872684,15,10,25
887-8873093,21,24,45
887-8873096,17,14,31
887-8873195,38,52,90
887-8873293,13,16,29
887-8873712,28,32,60
887-8873729,16,14,30
887-8873732,18,12,30
887-8873736,29,34,63
887-8873746,11,19,30
887-8873752,9,21,30
887-8873753,15,14,29
887-8873755,32,28,60
887-8873756,25,35,60
887-8873757,13,14,27
887-8873758,13,17,30
887-8873759,49,41,90
887-8873760,31,27,58
887-8874000,0,0,0
887-8876001,0,0,0
887-8876002,0,0,0
887-8877031,6,19,25
887-8877042,1,3,4
887-8877053,6,6,12
888-8881100,0,0,0
888-8881103,0,4,4
888-8881107,0,2,2
888-8882000,27,33,60
888-8882001,19,11,30
888-8882002,22,24,46
888-8882004,0,0,0
888-8882005,2,6,8
888-8882014,8,15,23
888-8882015,28,27,55
888-8882016,4,4,8
888-8882017,27,31,58
888-8882019,25,35,60
888-8882020,11,14,25
888-8882021,21,24,45
888-8882024,11,16,27
888-8882025,25,20,45
888-8882027,29,30,59
888-8882028,27,28,55
888-8882029,12,15,27
888-8882030,5,4,9
888-8882031,6,6,12
888-8882040,18,15,33
888-8882041,12,18,30
888-8882042,24,11,35
888-8882045,6,5,11
888-8882047,9,10,19
888-8882048,24,21,45
888-8882049,15,14,29
888-8882050,23,22,45
888-8882051,14,17,31
888-8882052,14,21,35
888-8882053,7,5,12
888-8882054,19,11,30
888-8882055,20,10,30
888-8882058,13,16,29
888-8882059,21,19,40
888-8882060,32,27,59
888-8882062,5,3,8
888-8882064,24,26,50
888-8882067,15,14,29
888-8882071,22,18,40
888-8882073,7,11,18
888-8882074,27,31,58
888-8882075,7,6,13
888-8882076,17,27,44
888-8882079,10,22,32
888-8882080,26,27,53
888-8882082,22,33,55
888-8882083,15,15,30
888-8882085,14,12,26
888-8882087,31,30,61
888-8882089,34,29,63
888-8882090,47,45,92
888-8882092,32,29,61
888-8882094,15,14,29
888-8882095,12,19,31
888-8882096,11,13,24
888-8882097,37,29,66
888-8882099,37,50,87
888-8882101,32,27,59
888-8882105,28,30,58
888-8882107,17,12,29
888-8882108,13,17,30
888-8882109,12,18,30
888-8882111,13,14,27
888-8882112,3,6,9
888-8882113,2,7,9
888-8882114,14,19,33
888-8882117,23,25,48
888-8882118,29,30,59
888-8882121,19,13,32
888-8882128,6,5,11
888-8882129,24,22,46
888-8882140,12,14,26
888-8882142,17,13,30
888-8882145,11,20,31
888-8882146,7,24,31
888-8882147,21,17,38
888-8882150,33,31,64
888-8882156,3,4,7
888-8882162,23,26,49
888-8882164,36,25,61
888-8882166,21,18,39
888-8882183,3,1,4
888-8882184,1,4,5
888-8882185,13,13,26
888-8882187,32,58,90
888-8882188,15,14,29
888-8882189,16,14,30
888-8882190,26,32,58
888-8882191,18,8,26
888-8882192,17,10,27
888-8882193,16,16,32
888-8882196,18,8,26
888-8882197,18,25,43
888-8882198,14,16,30
888-8882200,14,10,24
888-8882214,9,7,16
888-8882215,18,13,31
888-8882224,28,32,60
888-8882228,32,30,62
888-8882230,47,44,91
888-8882235,16,15,31
888-8882237,24,22,46
888-8882238,11,12,23
888-8882240,5,10,15
888-8882266,10,11,21
888-8882272,23,23,46
888-8882368,16,29,45
888-8882370,26,34,60
888-8882391,11,20,31
888-8882396,13,12,25
888-8882404,16,25,41
888-8882405,9,6,15
888-8882406,7,12,19
888-8882409,14,16,30
888-8882415,3,6,9
888-8882425,27,32,59
888-8882426,26,26,52
888-8882427,11,16,27
888-8882437,20,39,59
888-8882443,15,19,34
888-8882446,8,12,20
888-8882492,16,13,29
888-8882497,20,13,33
888-8882509,29,32,61
888-8882514,32,29,61
888-8882517,29,28,57
888-8882525,4,9,13
888-8882526,9,15,24
888-8882527,20,14,34
888-8882530,14,19,33
888-8882541,26,32,58
888-8882551,20,8,28
888-8882552,9,15,24
888-8882554,21,16,37
888-8882564,8,5,13
888-8882565,8,7,15
888-8882572,16,18,34
888-8882574,17,13,30
888-8882576,25,34,59
888-8882577,20,20,40
888-8882595,23,21,44
888-8882597,10,13,23
888-8882615,36,24,60
888-8882622,25,18,43
888-8882636,22,13,35
888-8882637,8,4,12
888-8882646,29,31,60
888-8882651,15,10,25
888-8882653,2,5,7
888-8882656,33,37,70
888-8882679,13,18,31
888-8882684,10,20,30
888-8882687,13,18,31
888-8882695,17,10,27
888-8882696,14,27,41
888-8882698,9,10,19
888-8882702,14,15,29
888-8882703,13,10,23
888-8882704,10,7,17
888-8882705,18,7,25
888-8882812,12,17,29
888-8882814,13,22,35
888-8882815,13,17,30
888-8882817,13,14,27
888-8882818,27,33,60
888-8882820,14,21,35
888-8882821,24,34,58
888-8882822,18,20,38
888-8882826,19,17,36
888-8882827,38,36,74
888-8882830,19,10,29
888-8882831,17,28,45
888-8882832,19,10,29
888-8882833,16,14,30
888-8882835,26,23,49
888-8882836,30,26,56
888-8882837,16,14,30
888-8882838,14,16,30
888-8882839,30,29,59
888-8882840,28,31,59
888-8882841,13,16,29
888-8882842,15,13,28
888-8883001,41,28,69
888-8883009,16,16,32
888-8883011,25,21,46
888-8883016,6,12,18
888-8883017,5,4,9
888-8883018,12,18,30
888-8883019,9,6,15
888-8883021,10,20,30
888-8883022,15,21,36
888-8883023,14,12,26
888-8883026,14,16,30
888-8883029,1,0,1
888-8883031,26,30,56
888-8883058,14,15,29
888-8883075,18,15,33
888-8883078,14,14,28
888-8883080,6,5,11
888-8883082,7,7,14
888-8883084,7,3,10
888-8883085,7,14,21
888-8883087,7,3,10
888-8883089,12,18,30
888-8883094,3,3,6
888-8883098,8,10,18
888-8883099,15,12,27
888-8883105,13,16,29
888-8883107,13,7,20
888-8883108,14,13,27
888-8883111,17,13,30
888-8883113,7,9,16
888-8883125,15,14,29
888-8883126,19,10,29
888-8883127,5,11,16
888-8883129,1,5,6
888-8883130,13,17,30
888-8883131,11,10,21
888-8883134,15,14,29
888-8883141,38,31,69
888-8883146,4,6,10
888-8883147,2,5,7
888-8883168,4,8,12
888-8883169,2,2,4
888-8883179,20,8,28
888-8883181,11,9,20
888-8883185,8,4,12
888-8883191,4,3,7
888-8883195,29,30,59
888-8883196,21,17,38
888-8883300,7,5,12
888-8883301,12,16,28
888-8883302,18,21,39
888-8883303,7,11,18
888-8883304,22,17,39
888-8883307,16,14,30
888-8883308,12,10,22
888-8883312,15,7,22
888-8883313,25,18,43
888-8883316,7,17,24
888-8883319,5,13,18
888-8883321,23,20,43
888-8883322,16,29,45
888-8883323,12,5,17
888-8883324,16,14,30
888-8883325,13,13,26
888-8883326,11,18,29
888-8883330,13,7,20
888-8883331,27,32,59
888-8883334,15,17,32
888-8883336,15,11,26
888-8883337,9,2,11
888-8883339,11,11,22
888-8883340,13,15,28
888-8883342,13,17,30
888-8883343,16,17,33
888-8883347,16,14,30
888-8883348,17,16,33
888-8883352,17,15,32
888-8883353,19,11,30
888-8883355,8,13,21
888-8883357,11,6,17
888-8883359,13,9,22
888-8883366,9,8,17
888-8883384,16,7,23
888-8883386,8,8,16
888-8883387,5,5,10
888-8883388,16,10,26
888-8883389,14,16,30
888-8883390,10,20,30
888-8883393,22,14,36
888-8883397,13,15,28
888-8883401,12,17,29
888-8883402,9,4,13
888-8883403,16,12,28
888-8883406,17,13,30
888-8883407,19,11,30
888-8883408,2,4,6
888-8883409,8,9,17
888-8883411,14,17,31
888-8883412,4,10,14
888-8883414,10,24,34
888-8883419,3,5,8
888-8883420,13,9,22
888-8883424,16,15,31
888-8883426,9,6,15
888-8883430,13,17,30
888-8883431,9,18,27
888-8883432,17,14,31
888-8883433,19,20,39
888-8883434,16,15,31
888-8883435,12,13,25
888-8883438,17,15,32
888-8883440,17,12,29
888-8883448,3,7,10
888-8883451,13,15,28
888-8883457,15,15,30
888-8883459,5,6,11
888-8883461,10,15,25
888-8883481,9,7,16
888-8883515,0,0,0
888-8883516,4,3,7
888-8883517,0,0,0
888-8883518,26,20,46
888-8883519,8,5,13
888-8883520,4,3,7
888-8883521,8,12,20
888-8883522,5,8,13
888-8883524,5,8,13
888-8883525,8,21,29
888-8883526,13,16,29
888-8883527,13,22,35
888-8883528,3,5,8
888-8883529,2,5,7
888-8883530,10,20,30
888-8883531,13,15,28
888-8883533,12,18,30
888-8883534,4,1,5
888-8883535,2,4,6
888-8883536,19,15,34
888-8883537,9,16,25
888-8883538,11,10,21
888-8883539,5,0,5
888-8883542,5,4,9
888-8883543,18,17,35
888-8883546,1,1,2
888-8883548,9,7,16
888-8883550,3,2,5
888-8883551,2,3,5
888-8883552,2,6,8
888-8883553,10,12,22
888-8883554,11,9,20
888-8883557,11,5,16
888-8883562,22,12,34
888-8883564,14,16,30
888-8883565,6,12,18
888-8883568,9,6,15
888-8883570,22,13,35
888-8883571,12,12,24
888-8883572,12,9,21
888-8883573,12,9,21
888-8883574,8,5,13
888-8883575,3,5,8
888-8883577,10,14,24
888-8883578,17,19,36
888-8883579,10,15,25
888-8883580,13,16,29
888-8883581,14,6,20
888-8883582,7,10,17
888-8883583,13,14,27
888-8883585,15,15,30
888-8883586,10,8,18
888-8883589,6,7,13
888-8883590,4,4,8
888-8883591,9,12,21
888-8883592,5,5,10
888-8883596,24,18,42
888-8883597,10,5,15
888-8883599,5,4,9
888-8883600,21,9,30
888-8883601,17,14,31
888-8883605,14,17,31
888-8883607,17,13,30
888-8883608,13,19,32
888-8883610,15,15,30
888-8883611,19,17,36
888-8883614,7,8,15
888-8883615,13,11,24
888-8883616,5,10,15
888-8883618,7,4,11
888-8883634,31,29,60
888-8883636,25,34,59
888-8883638,35,25,60
888-8883639,16,10,26
888-8883642,15,11,26
888-8883643,20,23,43
888-8883645,20,10,30
888-8883646,14,16,30
888-8883647,9,15,24
888-8883653,14,11,25
888-8883666,12,19,31
888-8883668,0,7,7
888-8883670,9,5,14
888-8883677,11,18,29
888-8883702,14,13,27
888-8883703,8,9,17
888-8883704,2,1,3
888-8883705,12,16,28
888-8883706,13,17,30
888-8883707,12,11,23
888-8883709,12,12,24
888-8883711,25,18,43
888-8883712,0,1,1
888-8883713,15,12,27
888-8883715,13,15,28
888-8883716,16,15,31
888-8883717,6,9,15
888-8883718,1,1,2
888-8883719,12,14,26
888-8883720,15,19,34
888-8883725,6,7,13
888-8883726,5,8,13
888-8883727,12,18,30
888-8883728,16,13,29
888-8883729,17,19,36
888-8883730,16,14,30
888-8883736,20,29,49
888-8883738,13,16,29
888-8883741,8,7,15
888-8883742,25,11,36
888-8883743,4,4,8
888-8883744,14,12,26
888-8883746,13,12,25
888-8883747,12,12,24
888-8883748,7,9,16
888-8883749,14,16,30
888-8883752,12,13,25
888-8883753,9,7,16
888-8883754,6,8,14
888-8883755,18,14,32
888-8883757,16,13,29
888-8883759,13,17,30
888-8883762,20,21,41
888-8883763,14,6,20
888-8883764,21,9,30
888-8883765,10,7,17
888-8883766,16,23,39
888-8883768,11,5,16
888-8883769,11,13,24
888-8883771,10,11,21
888-8883775,11,10,21
888-8883776,20,10,30
888-8883781,19,10,29
888-8883782,8,5,13
888-8883783,13,13,26
888-8883785,15,16,31
888-8883786,17,16,33
888-8883789,16,16,32
888-8883790,13,14,27
888-8883791,5,16,21
888-8883792,13,17,30
888-8883793,13,27,40
888-8883794,5,3,8
888-8883795,8,13,21
888-8883796,6,8,14
888-8883800,8,7,15
888-8883801,32,32,64
888-8883803,5,12,17
888-8883804,15,15,30
888-8883805,11,9,20
888-8883807,0,0,0
888-8883808,14,8,22
888-8883809,1,3,4
888-8883810,3,5,8
888-8883811,6,6,12
888-8883814,43,47,90
888-8883831,8,6,14
888-8883833,19,13,32
888-8883834,9,9,18
888-8883889,12,18,30
888-8883949,28,16,44
888-8883953,20,21,41
888-8883954,12,12,24
888-8883976,5,4,9
888-8883979,15,13,28
888-8883980,12,18,30
888-8883981,24,18,42
888-8883995,12,11,23
888-8883996,27,25,52
888-8883997,20,11,31
888-8883998,16,15,31
888-8885200,15,13,28
888-8885201,22,20,42
888-8885202,20,20,40
888-8885203,10,14,24
888-8885205,12,13,25
888-8885206,12,7,19
888-8885207,41,30,71
888-8886004,0,0,0
888-8886009,0,0,0
888-8886011,0,0,0
888-8886018,8,10,18
888-8886020,0,0,0
888-8886024,0,0,0
888-8886041,0,0,0
888-8886042,0,0,0
888-8886047,0,0,0
888-8886048,0,0,0
888-8886050,0,0,0
888-8886097,0,0,0
888-8887007,0,0,0
888-8887034,4,8,12
888-8887037,3,4,7
888-8887040,1,7,8
888-8887044,0,10,10
888-8887049,1,3,4
888-8887076,0,8,8
888-8887089,4,8,12
888-8887092,2,7,9
888-8887097,2,5,7
888-8887098,2,1,3
888-8887099,6,11,17
888-8887102,3,4,7
888-8887109,0,6,6
888-8887110,0,3,3
888-8887112,2,13,15
888-8887114,5,11,16
888-8887117,0,13,13
888-8887119,6,6,12
888-8887120,1,11,12
889-8891100,0,1,1
889-8891102,0,0,0
889-8892000,55,50,105
889-8892001,12,18,30
889-8892003,38,54,92
889-8892004,19,10,29
889-8892005,15,14,29
889-8892006,23,18,41
889-8892007,42,45,87
889-8892008,17,25,42
889-8892009,31,32,63
889-8892011,19,21,40
889-8892012,38,32,70
889-8892015,29,21,50
889-8892070,30,30,60
889-8892136,8,6,14
889-8892168,30,25,55
889-8892169,39,26,65
889-8892515,26,34,60
889-8892516,15,13,28
889-8892823,15,15,30
889-8893002,30,29,59
889-8893003,28,32,60
889-8893005,23,15,38
889-8893183,14,13,27
889-8893193,27,33,60
889-8893194,37,23,60
889-8893311,12,17,29
889-8893333,29,30,59
889-8893373,13,16,29
889-8893374,7,17,24
889-8893377,9,15,24
889-8893378,21,23,44
889-8893380,7,4,11
889-8893465,28,29,57
889-8893467,13,19,32
889-8893468,24,34,58
889-8893469,15,14,29
889-8893471,15,25,40
889-8893500,10,13,23
889-8893504,20,10,30
889-8893505,8,18,26
889-8893508,11,20,31
889-8893510,27,32,59
889-8893512,14,15,29
889-8893514,17,14,31
889-8893675,15,17,32
889-8893751,15,15,30
889-8893778,17,12,29
889-8893779,14,14,28
889-8893998,33,27,60
889-8893999,11,16,27
889-8895204,20,15,35
889-8896001,15,25,40
889-8896003,0,0,0
889-8896013,0,0,0
889-8897002,0,1,1
889-8897107,1,7,8
890-8901100,0,1,1
890-8902001,26,32,58
890-8902002,20,10,30
890-8902003,20,21,41
890-8902004,17,31,48
890-8902201,25,24,49
890-8902207,45,42,87
890-8902208,35,40,75
890-8902209,39,39,78
890-8902211,40,42,82
890-8902220,26,32,58
890-8902221,39,48,87
890-8902222,16,14,30
890-8902824,20,18,38
890-8902829,45,47,92
890-8902834,8,14,22
890-8902835,22,25,47
890-8903192,22,35,57
890-8903619,39,31,70
890-8903620,27,28,55
890-8903621,13,14,27
890-8903622,15,14,29
890-8903624,28,30,58
890-8903626,15,15,30
890-8903629,12,19,31
890-8903631,13,12,25
890-8903812,17,13,30
890-8903813,13,9,22
890-8903814,27,27,54
890-8903815,16,32,48
890-8903816,43,47,90
890-8904000,29,28,57
890-8906002,15,13,28
890-8907019,4,14,18
890-8907020,0,2,2
890-8907025,2,6,8
891-8910611,0,0,0
891-8912000,30,21,51
891-8912002,28,26,54
891-8912003,17,11,28
891-8912006,20,20,40
891-8912008,14,10,24
891-8912009,30,28,58
891-8912010,16,17,33
891-8912012,16,24,40
891-8912013,20,13,33
891-8912014,24,21,45
891-8912015,26,29,55
891-8912016,13,21,34
891-8912017,10,11,21
891-8912018,15,41,56
891-8912020,10,13,23
891-8912022,8,11,19
891-8912023,22,19,41
891-8912024,16,13,29
891-8912025,14,17,31
891-8912026,19,22,41
891-8912027,29,26,55
891-8912028,0,0,0
891-8912029,34,15,49
891-8912030,17,16,33
891-8912031,38,36,74
891-8912032,0,0,0
891-8912087,14,31,45
891-8912094,34,35,69
891-8912108,21,18,39
891-8912120,10,20,30
891-8912126,29,28,57
891-8912140,23,37,60
891-8912150,31,21,52
891-8912167,28,18,46
891-8912175,14,21,35
891-8912180,27,26,53
891-8912200,28,33,61
891-8912201,34,35,69
891-8912203,27,35,62
891-8912213,18,12,30
891-8912222,24,27,51
891-8912224,16,15,31
891-8912226,31,19,50
891-8912228,19,26,45
891-8912234,28,30,58
891-8912236,14,32,46
891-8912238,25,34,59
891-8912244,11,18,29
891-8912247,30,30,60
891-8912271,21,37,58
891-8912274,25,29,54
891-8912282,19,25,44
891-8912299,29,38,67
891-8912300,18,23,41
891-8912310,48,43,91
891-8912315,24,29,53
891-8912316,32,31,63
891-8912352,13,18,31
891-8912353,18,11,29
891-8912361,14,17,31
891-8912362,15,29,44
891-8912395,8,14,22
891-8912406,14,10,24
891-8912414,12,12,24
891-8912416,38,23,61
891-8912417,18,13,31
891-8912436,12,21,33
891-8912440,25,22,47
891-8912444,22,15,37
891-8912464,13,18,31
891-8912466,38,36,74
891-8912471,24,21,45
891-8912490,31,31,62
891-8912532,13,14,27
891-8912560,36,23,59
891-8912565,37,26,63
891-8912571,29,30,59
891-8912574,40,45,85
891-8912585,29,32,61
891-8912590,41,50,91
891-8912611,33,27,60
891-8912614,5,5,10
891-8912616,22,35,57
891-8912634,27,31,58
891-8912673,4,1,5
891-8912674,44,46,90
891-8912678,34,23,57
891-8912679,7,6,13
891-8912685,17,14,31
891-8912693,42,42,84
891-8912699,36,19,55
891-8912704,13,9,22
891-8912705,7,9,16
891-8912718,18,12,30
891-8912723,17,14,31
891-8912731,29,22,51
891-8912732,13,14,27
891-8912734,8,9,17
891-8912737,25,22,47
891-8912741,5,3,8
891-8912742,9,7,16
891-8912745,7,7,14
891-8912748,9,18,27
891-8912751,1,3,4
891-8912768,14,15,29
891-8912769,6,9,15
891-8912770,14,16,30
891-8912772,9,8,17
891-8912775,5,7,12
891-8912779,3,2,5
891-8912781,6,4,10
891-8912784,10,19,29
891-8912787,12,7,19
891-8912788,17,13,30
891-8912790,2,4,6
891-8912793,3,1,4
891-8912796,9,15,24
891-8912801,32,20,52
891-8912806,14,9,23
891-8912812,33,36,69
891-8912813,2,3,5
891-8912821,15,12,27
891-8912826,8,16,24
891-8912829,10,8,18
891-8912844,5,5,10
891-8912850,3,4,7
891-8912853,10,4,14
891-8912858,11,17,28
891-8912860,17,25,42
891-8912865,28,30,58
891-8912876,7,12,19
891-8912900,12,9,21
891-8912901,35,24,59
891-8912910,10,20,30
891-8912911,18,20,38
891-8912912,15,29,44
891-8912913,25,32,57
891-8912916,21,24,45
891-8912918,23,22,45
891-8912919,28,32,60
891-8912921,35,41,76
891-8912923,17,25,42
891-8912924,7,8,15
891-8912926,23,21,44
891-8912927,14,16,30
891-8912928,40,35,75
891-8912930,16,12,28
891-8912931,23,21,44
891-8912933,33,37,70
891-8912934,25,22,47
891-8912937,23,25,48
891-8912940,11,11,22
891-8912941,15,14,29
891-8912942,22,18,40
891-8912946,11,19,30
891-8912947,29,31,60
891-8912948,18,26,44
891-8913004,16,14,30
891-8913008,33,12,45
891-8913018,15,16,31
891-8913021,9,6,15
891-8913032,17,12,29
891-8913040,19,8,27
891-8913055,32,28,60
891-8913061,9,6,15
891-8913065,12,9,21
891-8913072,8,4,12
891-8913073,19,12,31
891-8913076,2,4,6
891-8913081,25,34,59
891-8913084,2,7,9
891-8913087,11,3,14
891-8913088,5,10,15
891-8913089,20,20,40
891-8913097,13,15,28
891-8913104,5,12,17
891-8913112,3,12,15
891-8913113,10,6,16
891-8913117,6,1,7
891-8913118,6,9,15
891-8913119,5,2,7
891-8913126,54,36,90
891-8913133,56,50,106
891-8913143,14,15,29
891-8913145,10,12,22
891-8913287,7,1,8
891-8913290,29,31,60
891-8913292,28,41,69
891-8913293,28,27,55
891-8913294,15,11,26
891-8913295,6,12,18
891-8913297,38,22,60
891-8913298,16,15,31
891-8913310,17,13,30
891-8913331,8,21,29
891-8913350,8,5,13
891-8913352,16,13,29
891-8913370,7,20,27
891-8913390,6,10,16
891-8913494,8,6,14
891-8913496,10,20,30
891-8913511,0,0,0
891-8913514,8,6,14
891-8913530,11,9,20
891-8913534,8,7,15
891-8913539,5,9,14
891-8913546,5,8,13
891-8913548,6,6,12
891-8913550,6,9,15
891-8913552,20,10,30
891-8913566,14,16,30
891-8913568,7,10,17
891-8913586,6,6,12
891-8913592,5,5,10
891-8913606,18,10,28
891-8913690,10,19,29
891-8913696,29,28,57
891-8913710,17,16,33
891-8913730,20,15,35
891-8913763,19,15,34
891-8913764,3,9,12
891-8913765,24,37,61
891-8913766,19,15,34
891-8913767,14,18,32
891-8913768,15,15,30
891-8913769,30,34,64
891-8913770,11,19,30
891-8913771,16,13,29
891-8913772,28,28,56
891-8913775,30,28,58
891-8913776,31,29,60
891-8913777,17,18,35
891-8913779,25,34,59
891-8913780,13,12,25
891-8913781,10,15,25
891-8913782,23,19,42
891-8913783,19,21,40
891-8913784,27,22,49
891-8913788,31,28,59
891-8913789,22,27,49
891-8913790,36,40,76
891-8913791,31,29,60
891-8913792,32,28,60
891-8913793,22,19,41
891-8913795,24,18,42
891-8913796,28,18,46
891-8913797,12,18,30
891-8914002,16,28,44
891-8914669,2,4,6
891-8915950,1,5,6
891-8916008,0,0,0
891-8916017,0,0,0
891-8916023,0,0,0
891-8916036,0,0,0
891-8917001,0,8,8
891-8917009,1,2,3
891-8917012,0,0,0
891-8917018,1,1,2
891-8917019,1,3,4
891-8917021,1,3,4
891-8917022,0,1,1
891-8917023,3,3,6
891-8917032,0,8,8
891-8917041,1,4,5
892-8921109,0,0,0
892-8921111,0,7,7
892-8922002,43,47,90
892-8922003,25,24,49
892-8922004,30,28,58
892-8922005,16,13,29
892-8922006,38,51,89
892-8922007,37,36,73
892-8922008,17,22,39
892-8922009,12,18,30
892-8922010,22,35,57
892-8922011,25,35,60
892-8922012,26,29,55
892-8922013,45,40,85
892-8922014,33,39,72
892-8922016,61,58,119
892-8922017,13,17,30
892-8922018,19,32,51
892-8922019,12,18,30
892-8922045,10,20,30
892-8922056,32,27,59
892-8922057,11,18,29
892-8922061,33,49,82
892-8922074,13,16,29
892-8922077,12,16,28
892-8922079,14,15,29
892-8922080,29,30,59
892-8922081,44,67,111
892-8922082,14,15,29
892-8922088,15,15,30
892-8922090,30,30,60
892-8922095,24,40,64
892-8922097,8,21,29
892-8922099,16,14,30
892-8922110,44,51,95
892-8922117,35,25,60
892-8922118,28,42,70
892-8922128,15,10,25
892-8922151,33,27,60
892-8922152,26,34,60
892-8922153,19,40,59
892-8922155,33,26,59
892-8922157,18,27,45
892-8922158,16,13,29
892-8922163,27,33,60
892-8922170,29,31,60
892-8922183,35,26,61
892-8922190,16,11,27
892-8922360,18,12,30
892-8922894,28,33,61
892-8922897,13,14,27
892-8922898,16,15,31
892-8922906,30,22,52
892-8922907,21,20,41
892-8922929,50,39,89
892-8922935,18,29,47
892-8922939,13,15,28
892-8923000,17,24,41
892-8923311,13,16,29
892-8923312,23,21,44
892-8923313,13,18,31
892-8923316,17,14,31
892-8923317,27,33,60
892-8923318,11,20,31
892-8923319,20,12,32
892-8923320,20,11,31
892-8923321,19,12,31
892-8923323,30,28,58
892-8923324,12,16,28
892-8923326,32,28,60
892-8923327,16,14,30
892-8923328,17,11,28
892-8923329,36,24,60
892-8923330,29,31,60
892-8923331,18,12,30
892-8923332,30,27,57
892-8924615,0,0,0
892-8926009,0,0,0
892-8926012,0,0,0
892-8926013,0,0,0
892-8926907,58,60,118
892-8927026,0,4,4
892-8927033,1,6,7
892-8927035,2,13,15
892-8927040,0,4,4
892-8927041,0,1,1
892-8927042,5,2,7
893-8931100,0,1,1
893-8932000,7,5,12
893-8932001,18,11,29
893-8932003,4,1,5
893-8932005,7,11,18
893-8932006,13,12,25
893-8932007,6,3,9
893-8932008,8,5,13
893-8932009,0,0,0
893-8932010,0,0,0
893-8932029,18,9,27
893-8932032,10,5,15
893-8932034,6,6,12
893-8932035,9,7,16
893-8932036,9,16,25
893-8932044,29,23,52
893-8932046,13,7,20
893-8932052,13,15,28
893-8932054,10,12,22
893-8932055,15,13,28
893-8932072,11,13,24
893-8932075,3,4,7
893-8932077,46,42,88
893-8932084,24,35,59
893-8932088,11,15,26
893-8932090,34,58,92
893-8932092,45,45,90
893-8932099,6,6,12
893-8932101,2,9,11
893-8932103,5,9,14
893-8932110,6,8,14
893-8932113,4,6,10
893-8932117,13,14,27
893-8932120,13,18,31
893-8932122,43,42,85
893-8932139,14,14,28
893-8932146,33,17,50
893-8932149,31,36,67
893-8932157,13,17,30
893-8932159,10,18,28
893-8932164,17,16,33
893-8932178,28,25,53
893-8932179,11,18,29
893-8932180,23,24,47
893-8932194,18,19,37
893-8932195,20,31,51
893-8933001,2,4,6
893-8933003,10,18,28
893-8933010,5,7,12
893-8933012,8,13,21
893-8933015,7,4,11
893-8933018,9,13,22
893-8933022,5,1,6
893-8933024,17,15,32
893-8933026,4,6,10
893-8933027,4,8,12
893-8933030,8,7,15
893-8933031,9,5,14
893-8933041,1,7,8
893-8933044,1,7,8
893-8933046,7,4,11
893-8933057,0,3,3
893-8933058,5,7,12
893-8933068,7,9,16
893-8933070,8,4,12
893-8933074,15,15,30
893-8933077,7,9,16
893-8933079,5,5,10
893-8933081,1,2,3
893-8933083,12,10,22
893-8933084,3,5,8
893-8933087,15,18,33
893-8933089,10,12,22
893-8933090,6,7,13
893-8933093,4,0,4
893-8933094,7,10,17
893-8933097,4,11,15
893-8933100,21,22,43
893-8933103,29,30,59
893-8933104,22,22,44
893-8933108,11,3,14
893-8933112,7,9,16
893-8933113,4,8,12
893-8933115,8,9,17
893-8933116,31,32,63
893-8933117,17,3,20
893-8933119,4,5,9
893-8933120,48,40,88
893-8933122,4,7,11
893-8933123,3,1,4
893-8933126,4,9,13
893-8933127,4,3,7
893-8933133,15,20,35
893-8933134,11,14,25
893-8933135,8,11,19
893-8933155,10,15,25
893-8933156,12,16,28
893-8933159,6,3,9
893-8933160,9,12,21
893-8933301,11,7,18
893-8933303,7,4,11
893-8933305,7,12,19
893-8933307,5,2,7
893-8933311,8,6,14
893-8933312,4,4,8
893-8933313,1,6,7
893-8933316,11,9,20
893-8933321,7,8,15
893-8933322,1,0,1
893-8933329,10,22,32
893-8933330,16,12,28
893-8933350,18,15,33
893-8933353,6,13,19
893-8933354,15,8,23
893-8933360,8,3,11
893-8933361,7,7,14
893-8933363,11,18,29
893-8934002,16,12,28
893-8935202,13,12,25
893-8935203,20,16,36
893-8935204,21,35,56
893-8935205,18,18,36
893-8935206,16,27,43
893-8935207,3,6,9
893-8936012,0,0,0
893-8936096,0,0,0
893-8937006,0,2,2
893-8937016,7,16,23
894-8941100,0,0,0
894-8942000,4,0,4
894-8942002,14,14,28
894-8942034,27,35,62
894-8942038,7,13,20
894-8942051,11,10,21
894-8942061,29,32,61
894-8942062,14,17,31
894-8942112,13,28,41
894-8942128,10,3,13
894-8942153,19,18,37
894-8942158,27,28,55
894-8942168,20,20,40
894-8942172,17,20,37
894-8942174,25,23,48
894-8942175,16,21,37
894-8942176,16,14,30
894-8942181,22,35,57
894-8942190,32,28,60
894-8942191,15,15,30
894-8942195,24,32,56
894-8942200,30,22,52
894-8942201,30,29,59
894-8942202,30,25,55
894-8942203,31,29,60
894-8942204,31,29,60
894-8943035,25,31,56
894-8943039,11,17,28
894-8943082,38,47,85
894-8943091,4,9,13
894-8943109,13,8,21
894-8943129,40,31,71
894-8943152,25,31,56
894-8943154,33,37,70
894-8943157,26,36,62
894-8943315,16,17,33
894-8943352,8,18,26
894-8943356,14,18,32
894-8943357,17,11,28
894-8943358,18,22,40
894-8943359,11,15,26
894-8943361,32,26,58
894-8943362,29,29,58
894-8943363,24,32,56
894-8943364,32,38,70
894-8943365,22,34,56
894-8943366,31,49,80
894-8943367,10,20,30
894-8943368,33,32,65
894-8943369,31,26,57
894-8945203,20,27,47
894-8947001,7,22,29
894-8947017,4,7,11
894-8947018,0,3,3
895-8952000,14,12,26
895-8952001,32,27,59
895-8952002,8,3,11
895-8952003,4,6,10
895-8952004,12,16,28
895-8952011,17,16,33
895-8952129,23,8,31
895-8952131,11,6,17
895-8952133,36,24,60
895-8952137,29,32,61
895-8952138,22,24,46
895-8952139,11,23,34
895-8952141,27,33,60
895-8952142,17,12,29
895-8952143,11,15,26
895-8952145,8,7,15
895-8952151,23,30,53
895-8952152,22,23,45
895-8952154,14,17,31
895-8952156,32,28,60
895-8952157,14,19,33
895-8952159,12,14,26
895-8952161,15,14,29
895-8952162,17,27,44
895-8952163,19,12,31
895-8952165,28,35,63
895-8952166,21,26,47
895-8952167,3,10,13
895-8952168,13,15,28
895-8952169,9,14,23
895-8952170,7,13,20
895-8952171,26,27,53
895-8952173,16,13,29
895-8952174,14,15,29
895-8952175,14,15,29
895-8952176,15,23,38
895-8952201,14,15,29
895-8952205,38,22,60
895-8952206,32,29,61
895-8952211,30,30,60
895-8952214,0,10,10
895-8952216,24,19,43
895-8952220,10,8,18
895-8952222,17,20,37
895-8952223,18,14,32
895-8952225,8,2,10
895-8952227,9,21,30
895-8952228,22,19,41
895-8952229,16,15,31
895-8952256,10,11,21
895-8952258,15,16,31
895-8952291,30,29,59
895-8952328,8,21,29
895-8952332,12,15,27
895-8952340,15,14,29
895-8952344,9,8,17
895-8952349,16,10,26
895-8952356,13,19,32
895-8952367,11,18,29
895-8952377,17,13,30
895-8952378,12,17,29
895-8952664,9,11,20
895-8952693,23,21,44
895-8952698,19,13,32
895-8952699,37,33,70
895-8952702,17,19,36
895-8952705,9,9,18
895-8952710,31,28,59
895-8952715,31,28,59
895-8952716,11,7,18
895-8952720,12,17,29
895-8952728,24,24,48
895-8952731,27,31,58
895-8953108,6,7,13
895-8953113,14,16,30
895-8953114,4,2,6
895-8953115,6,3,9
895-8953120,11,5,16
895-8953121,24,22,46
895-8953122,10,11,21
895-8953124,24,25,49
895-8953139,14,13,27
895-8953140,7,4,11
895-8953141,16,14,30
895-8953142,14,10,24
895-8953147,10,21,31
895-8953157,11,12,23
895-8953169,5,14,19
895-8953513,13,17,30
895-8953516,4,10,14
895-8953518,19,23,42
895-8953520,2,7,9
895-8953521,7,6,13
895-8953524,15,11,26
895-8953525,24,30,54
895-8953526,21,19,40
895-8953527,11,21,32
895-8953529,8,10,18
895-8953530,13,11,24
895-8953531,11,13,24
895-8953536,9,19,28
895-8953537,15,18,33
895-8953541,32,45,77
895-8953543,4,10,14
895-8953544,8,12,20
895-8953545,3,3,6
895-8953546,12,17,29
895-8953547,16,16,32
895-8953559,12,17,29
895-8953562,11,17,28
895-8953566,11,8,19
895-8953805,29,28,57
895-8953808,28,27,55
895-8953810,30,30,60
895-8953811,32,29,61
895-8953812,35,25,60
895-8953814,28,25,53
895-8953816,27,30,57
895-8953818,19,31,50
895-8953821,23,20,43
895-8955200,6,6,12
895-8955201,8,15,23
895-8955203,3,1,4
895-8955205,7,13,20
895-8957001,0,5,5
895-8957101,0,0,0
895-8957111,2,9,11
895-8957112,0,1,1
895-8957209,0,1,1
896-8961100,0,0,0
896-8962000,13,12,25
896-8962001,20,33,53
896-8962002,9,13,22
896-8962004,11,15,26
896-8962005,7,8,15
896-8962012,19,26,45
896-8962013,7,9,16
896-8962014,21,22,43
896-8962055,17,39,56
896-8962065,9,18,27
896-8962066,10,19,29
896-8962100,15,14,29
896-8962108,6,5,11
896-8962111,8,8,16
896-8962113,2,5,7
896-8962115,5,7,12
896-8962119,3,8,11
896-8962123,19,13,32
896-8962178,7,11,18
896-8962179,8,9,17
896-8962181,12,19,31
896-8962182,7,12,19
896-8962183,9,21,30
896-8962186,21,23,44
896-8962187,16,17,33
896-8962189,6,4,10
896-8962190,6,9,15
896-8962191,26,30,56
896-8962196,18,20,38
896-8962233,13,13,26
896-8962234,23,8,31
896-8962235,9,23,32
896-8962237,18,24,42
896-8962239,8,7,15
896-8962240,27,22,49
896-8962242,16,15,31
896-8962247,15,13,28
896-8962260,9,17,26
896-8962268,18,11,29
896-8962269,17,13,30
896-8962272,15,17,32
896-8962273,14,18,32
896-8962274,16,13,29
896-8962275,7,11,18
896-8962276,14,19,33
896-8962279,10,13,23
896-8962282,9,9,18
896-8962288,30,31,61
896-8962292,11,19,30
896-8962298,17,8,25
896-8962301,13,9,22
896-8962307,14,12,26
896-8962311,11,17,28
896-8962316,12,16,28
896-8962329,28,21,49
896-8962334,20,11,31
896-8962339,12,11,23
896-8962350,21,22,43
896-8962357,12,16,28
896-8962678,18,14,32
896-8962688,20,17,37
896-8962695,13,19,32
896-8962701,22,35,57
896-8962708,13,14,27
896-8962709,11,12,23
896-8962713,16,14,30
896-8962718,25,37,62
896-8962719,23,8,31
896-8962721,14,15,29
896-8962725,19,13,32
896-8962727,12,20,32
896-8962729,11,20,31
896-8962730,32,27,59
896-8962732,17,14,31
896-8963101,14,17,31
896-8963103,16,12,28
896-8963104,8,3,11
896-8963105,4,7,11
896-8963128,15,9,24
896-8963132,15,17,32
896-8963133,3,9,12
896-8963134,16,12,28
896-8963135,11,8,19
896-8963149,4,1,5
896-8963150,6,4,10
896-8963151,11,5,16
896-8963152,15,15,30
896-8963155,8,2,10
896-8963162,4,6,10
896-8963163,7,7,14
896-8963164,24,22,46
896-8963165,6,2,8
896-8963166,11,4,15
896-8963167,7,8,15
896-8963168,3,5,8
896-8963171,16,12,28
896-8963172,19,38,57
896-8963180,27,31,58
896-8963415,8,10,18
896-8963500,4,3,7
896-8963501,13,9,22
896-8963507,3,5,8
896-8963532,3,10,13
896-8963533,14,14,28
896-8963534,8,12,20
896-8963538,15,15,30
896-8963550,10,5,15
896-8963551,6,11,17
896-8963552,11,9,20
896-8963556,14,16,30
896-8963558,15,14,29
896-8963633,14,14,28
896-8963641,23,24,47
896-8963643,24,20,44
896-8963645,26,21,47
896-8963646,13,16,29
896-8963647,8,14,22
896-8963800,20,18,38
896-8963802,25,20,45
896-8963803,20,24,44
896-8963804,10,17,27
896-8963807,28,31,59
896-8963813,32,39,71
896-8963815,33,29,62
896-8963817,16,8,24
896-8963820,10,18,28
896-8963822,20,30,50
896-8965202,20,18,38
896-8965204,5,2,7
896-8965205,21,25,46
896-8967000,1,6,7
896-8967105,0,1,1
896-8967109,3,4,7
896-8967110,2,9,11
896-8967115,1,7,8
896-8967118,6,5,11
896-8967120,2,7,9
896-8967208,0,0,0
908-9081100,0,0,0
908-9081101,0,0,0
908-9081102,0,2,2
908-9081103,0,0,0
908-9081104,1,1,2
908-9081108,0,0,0
908-9082000,10,20,30
908-9082001,12,22,34
908-9082002,25,28,53
908-9082003,2,7,9
908-9082004,12,8,20
908-9082006,11,11,22
908-9082008,9,5,14
908-9082009,37,25,62
908-9082010,8,15,23
908-9082012,12,14,26
908-9082015,19,17,36
908-9082016,31,29,60
908-9082017,18,17,35
908-9082018,30,30,60
908-9082019,3,9,12
908-9082020,16,12,28
908-9082021,8,18,26
908-9082022,5,5,10
908-9082024,9,7,16
908-9082025,3,3,6
908-9082026,6,4,10
908-9082027,3,4,7
908-9082028,9,4,13
908-9082029,22,19,41
908-9082031,17,12,29
908-9082032,15,19,34
908-9082034,8,10,18
908-9082035,15,8,23
908-9082036,30,28,58
908-9082037,6,3,9
908-9082038,15,7,22
908-9082039,10,5,15
908-9082041,21,17,38
908-9082042,8,11,19
908-9082043,20,19,39
908-9082100,6,7,13
908-9082103,4,10,14
908-9082104,3,4,7
908-9082109,3,7,10
908-9082112,6,13,19
908-9082113,3,2,5
908-9082114,5,5,10
908-9082115,14,11,25
908-9082116,5,14,19
908-9082119,11,6,17
908-9082120,0,3,3
908-9082121,1,3,4
908-9082123,0,0,0
908-9082124,8,2,10
908-9082125,7,3,10
908-9082126,5,5,10
908-9082128,6,3,9
908-9082132,14,9,23
908-9082133,37,23,60
908-9082134,16,13,29
908-9082208,3,9,12
908-9082209,18,12,30
908-9082213,5,6,11
908-9082215,11,9,20
908-9082219,15,11,26
908-9082221,19,9,28
908-9082222,55,38,93
908-9082224,13,12,25
908-9082226,4,6,10
908-9082227,10,6,16
908-9082228,10,17,27
908-9082229,23,19,42
908-9082230,24,24,48
908-9082231,3,7,10
908-9082232,10,10,20
908-9082233,16,13,29
908-9082234,34,26,60
908-9082238,11,6,17
908-9082239,32,24,56
908-9082240,16,18,34
908-9082241,19,25,44
908-9082300,8,13,21
908-9082301,2,2,4
908-9082302,16,15,31
908-9082305,7,13,20
908-9082306,7,12,19
908-9082307,12,19,31
908-9082310,14,17,31
908-9082311,3,11,14
908-9082312,7,7,14
908-9082313,15,16,31
908-9082314,17,16,33
908-9082317,14,13,27
908-9082318,9,21,30
908-9082319,2,4,6
908-9082320,14,15,29
908-9082321,25,22,47
908-9082325,11,19,30
908-9082326,34,26,60
908-9082400,16,8,24
908-9082401,9,20,29
908-9082403,6,6,12
908-9082404,2,1,3
908-9082405,12,14,26
908-9082406,54,72,126
908-9082410,15,17,32
908-9082413,18,12,30
908-9082420,8,8,16
908-9082431,30,26,56
908-9082432,24,29,53
908-9082437,35,27,62
908-9082441,9,9,18
908-9082443,9,7,16
908-9082444,9,4,13
908-9082448,19,18,37
908-9082449,13,18,31
908-9082452,4,11,15
908-9082453,35,26,61
908-9082454,39,49,88
908-9082500,3,3,6
908-9082502,19,35,54
908-9082503,6,3,9
908-9082504,3,2,5
908-9082506,10,16,26
908-9082507,10,5,15
908-9082508,6,5,11
908-9082509,10,16,26
908-9082510,8,10,18
908-9082511,11,18,29
908-9082514,0,5,5
908-9082515,7,5,12
908-9082516,16,15,31
908-9082522,16,12,28
908-9082524,15,7,22
908-9082602,3,4,7
908-9082603,13,14,27
908-9082605,9,5,14
908-9082606,5,3,8
908-9082608,12,8,20
908-9082610,14,15,29
908-9082612,8,5,13
908-9082613,9,3,12
908-9082615,5,3,8
908-9082617,7,7,14
908-9082619,2,2,4
908-9082621,4,9,13
908-9082623,7,10,17
908-9082625,7,5,12
908-9082627,1,2,3
908-9082628,5,6,11
908-9082629,3,7,10
908-9082630,13,5,18
908-9082632,15,14,29
908-9082633,5,11,16
908-9082634,11,12,23
908-9082635,26,36,62
908-9082700,19,37,56
908-9082701,3,3,6
908-9082703,4,2,6
908-9082704,10,9,19
908-9082706,6,5,11
908-9082707,12,11,23
908-9082708,7,7,14
908-9082710,9,12,21
908-9082711,0,2,2
908-9082713,8,5,13
908-9082715,21,14,35
908-9082716,11,4,15
908-9082718,6,5,11
908-9082719,6,8,14
908-9082723,22,18,40
908-9082724,10,20,30
908-9082726,43,38,81
908-9082730,18,42,60
908-9082736,11,10,21
908-9082737,11,8,19
908-9082741,17,15,32
908-9082742,31,31,62
908-9082743,33,30,63
908-9082745,40,46,86
908-9082746,9,7,16
908-9082747,22,22,44
908-9082748,28,31,59
908-9082749,21,19,40
908-9082751,11,11,22
908-9082754,17,29,46
908-9082756,18,11,29
908-9082757,23,22,45
908-9082758,8,23,31
908-9083033,4,4,8
908-9083034,2,3,5
908-9083091,12,18,30
908-9083183,11,5,16
908-9083184,5,1,6
908-9083218,31,30,61
908-9083300,1,0,1
908-9083301,16,15,31
908-9083302,15,13,28
908-9083306,7,11,18
908-9083381,4,7,11
908-9083383,4,0,4
908-9083385,9,8,17
908-9083388,16,16,32
908-9083390,10,8,18
908-9083392,18,27,45
908-9083461,19,28,47
908-9083463,12,11,23
908-9083542,8,9,17
908-9083543,4,10,14
908-9083547,4,1,5
908-9083549,21,42,63
908-9083621,6,7,13
908-9083625,18,25,43
908-9083714,5,7,12
908-9083715,1,4,5
908-9083716,9,5,14
908-9083717,7,4,11
908-9083718,14,14,28
908-9083797,12,15,27
908-9083871,10,4,14
908-9083875,3,8,11
908-9083876,19,13,32
908-9083878,4,2,6
908-9083881,3,1,4
908-9083882,5,3,8
908-9083884,5,4,9
908-9083885,7,1,8
908-9083888,11,19,30
908-9083891,26,34,60
908-9083892,37,41,78
908-9083894,19,20,39
908-9085201,5,8,13
908-9087002,0,0,0
908-9087003,3,2,5
908-9087004,2,9,11
908-9087005,2,3,5
909-9091100,0,3,3
909-9091103,0,0,0
909-9091105,0,1,1
909-9092000,19,25,44
909-9092001,0,2,2
909-9092002,5,19,24
909-9092003,8,8,16
909-9092004,2,8,10
909-9092005,1,6,7
909-9092006,17,24,41
909-9092007,14,12,26
909-9092008,3,1,4
909-9092009,1,2,3
909-9092010,1,0,1
909-9092014,5,8,13
909-9092017,0,3,3
909-9092018,12,15,27
909-9092019,4,5,9
909-9092020,14,16,30
909-9092026,3,6,9
909-9092027,2,3,5
909-9092028,1,0,1
909-9092032,5,5,10
909-9092033,4,4,8
909-9092035,5,14,19
909-9092040,0,2,2
909-9092046,26,35,61
909-9092054,3,7,10
909-9092058,10,8,18
909-9092059,7,12,19
909-9092060,9,9,18
909-9092069,32,28,60
909-9092071,12,11,23
909-9092100,0,4,4
909-9092103,2,4,6
909-9092107,30,27,57
909-9092123,4,5,9
909-9092126,19,26,45
909-9092146,19,26,45
909-9092148,30,33,63
909-9092200,1,5,6
909-9092207,15,15,30
909-9092211,8,7,15
909-9092212,14,13,27
909-9092216,2,5,7
909-9092220,8,9,17
909-9092222,1,4,5
909-9092223,7,7,14
909-9092224,3,11,14
909-9092225,19,9,28
909-9092226,6,2,8
909-9092227,3,5,8
909-9092228,4,17,21
909-9092231,15,23,38
909-9092237,29,25,54
909-9092301,3,1,4
909-9092302,5,8,13
909-9092305,4,9,13
909-9092308,9,6,15
909-9092310,12,14,26
909-9092311,2,5,7
909-9092313,6,4,10
909-9092314,0,0,0
909-9092315,11,13,24
909-9092318,28,31,59
909-9092319,32,29,61
909-9092320,19,16,35
909-9092321,30,29,59
909-9092322,3,6,9
909-9092404,11,6,17
909-9092406,6,1,7
909-9092407,4,0,4
909-9092414,18,15,33
909-9092507,24,33,57
909-9092509,28,46,74
909-9092511,9,14,23
909-9092513,14,17,31
909-9092515,27,24,51
909-9092521,13,18,31
909-9092522,15,16,31
909-9092606,31,47,78
909-9092608,6,16,22
909-9092609,22,29,51
909-9092610,11,10,21
909-9092612,26,36,62
909-9092618,29,27,56
909-9092622,26,31,57
909-9092623,42,46,88
909-9092626,28,24,52
909-9092627,16,12,28
909-9092700,11,11,22
909-9092701,15,17,32
909-9092703,8,9,17
909-9092704,15,10,25
909-9092705,12,13,25
909-9092706,6,5,11
909-9092707,9,9,18
909-9092708,8,7,15
909-9092710,31,18,49
909-9092711,32,28,60
909-9092712,29,31,60
909-9092713,21,24,45
909-9092714,19,13,32
909-9092715,9,11,20
909-9092716,5,14,19
909-9092717,21,17,38
909-9092718,6,9,15
909-9092720,12,14,26
909-9092721,15,17,32
909-9092722,7,12,19
909-9093002,5,5,10
909-9093007,15,17,32
909-9093013,9,15,24
909-9093014,5,4,9
909-9093015,12,8,20
909-9093017,3,3,6
909-9093018,5,9,14
909-9093019,10,4,14
909-9093020,3,7,10
909-9093021,12,5,17
909-9093023,2,2,4
909-9093030,2,4,6
909-9093031,8,9,17
909-9093032,2,0,2
909-9093037,11,8,19
909-9093052,8,17,25
909-9093054,6,6,12
909-9093056,8,10,18
909-9093057,12,11,23
909-9093058,3,3,6
909-9093059,2,3,5
909-9093061,1,2,3
909-9093064,18,9,27
909-9093100,10,14,24
909-9093101,8,10,18
909-9093102,10,17,27
909-9093103,3,5,8
909-9093112,15,12,27
909-9093114,5,3,8
909-9093115,6,4,10
909-9093116,12,45,57
909-9093122,4,5,9
909-9093123,10,10,20
909-9093124,11,5,16
909-9093125,6,5,11
909-9093126,5,4,9
909-9093128,12,13,25
909-9093130,3,2,5
909-9093132,7,6,13
909-9093150,15,17,32
909-9093200,1,1,2
909-9093204,2,4,6
909-9093206,6,5,11
909-9093207,0,0,0
909-9093209,5,9,14
909-9093211,16,21,37
909-9093212,11,12,23
909-9093301,5,3,8
909-9093304,0,4,4
909-9093305,2,3,5
909-9093309,5,5,10
909-9093310,4,4,8
909-9093315,9,10,19
909-9093316,5,9,14
909-9093319,7,13,20
909-9093322,3,2,5
909-9093324,1,6,7
909-9093328,7,6,13
909-9093352,9,13,22
909-9093354,7,5,12
909-9093355,10,6,16
909-9093356,3,2,5
909-9093357,3,7,10
909-9093358,4,4,8
909-9093359,4,4,8
909-9093360,5,4,9
909-9093361,1,1,2
909-9093362,4,3,7
909-9093365,15,8,23
909-9093367,14,18,32
909-9093368,4,9,13
909-9093370,10,15,25
909-9093372,2,4,6
909-9093373,3,7,10
909-9093374,4,5,9
909-9093381,2,2,4
909-9093400,6,0,6
909-9093401,2,3,5
909-9093402,6,2,8
909-9093404,3,4,7
909-9093405,10,7,17
909-9093410,11,17,28
909-9093414,11,8,19
909-9093415,15,19,34
909-9093416,17,15,32
909-9093450,9,15,24
909-9093451,4,2,6
909-9093452,5,2,7
909-9093453,5,12,17
909-9093500,5,9,14
909-9093506,16,14,30
909-9093508,0,2,2
909-9093510,4,6,10
909-9093514,19,14,33
909-9093516,4,4,8
909-9093519,12,14,26
909-9093520,30,26,56
909-9093550,5,7,12
909-9093551,2,4,6
909-9093552,10,8,18
909-9093556,10,12,22
909-9093557,5,6,11
909-9093601,14,19,33
909-9093602,19,10,29
909-9093603,12,16,28
909-9093606,10,18,28
909-9093607,12,18,30
909-9093652,19,9,28
909-9093653,7,5,12
909-9093654,15,14,29
909-9093656,8,9,17
909-9093661,17,17,34
909-9093662,23,19,42
909-9093663,26,29,55
909-9095200,9,10,19
909-9095201,18,24,42
909-9095202,12,5,17
909-9095203,9,22,31
909-9095204,18,11,29
909-9095205,6,10,16
909-9095206,16,9,25
909-9095207,13,9,22
909-9095208,2,7,9
909-9095209,13,13,26
909-9095210,15,12,27
909-9095211,21,19,40
909-9095212,3,3,6
909-9095213,4,3,7
909-9095215,4,4,8
909-9095216,3,3,6
909-9095217,7,5,12
909-9095218,9,10,19
909-9095219,9,14,23
909-9095220,5,3,8
909-9095221,35,32,67
909-9095223,3,9,12
909-9095225,3,8,11
909-9095226,3,6,9
909-9096025,19,8,27
909-9096027,0,0,0
909-9096041,0,0,0
909-9097001,1,3,4
909-9097002,2,5,7
909-9097006,4,4,8
909-9097013,0,1,1
909-9097022,1,9,10
916-9161104,0,0,0
916-9161105,0,1,1
916-9161106,0,2,2
916-9161107,0,1,1
916-9162000,36,43,79
916-9162001,17,15,32
916-9162002,43,35,78
916-9162003,6,8,14
916-9162004,45,44,89
916-9162006,20,13,33
916-9162008,27,27,54
916-9162009,16,23,39
916-9162010,14,16,30
916-9162013,45,45,90
916-9162019,20,32,52
916-9162022,0,0,0
916-9162026,38,36,74
916-9162028,15,15,30
916-9162029,2,1,3
916-9162030,41,49,90
916-9162031,60,60,120
916-9162036,0,0,0
916-9162037,10,18,28
916-9162038,7,9,16
916-9162040,9,10,19
916-9162041,4,7,11
916-9162042,2,8,10
916-9162043,14,8,22
916-9162044,4,7,11
916-9162045,6,5,11
916-9162046,12,13,25
916-9162047,7,7,14
916-9162050,14,17,31
916-9162051,6,6,12
916-9162053,30,31,61
916-9162056,5,11,16
916-9162061,25,15,40
916-9162062,10,10,20
916-9162064,7,5,12
916-9162065,16,13,29
916-9162066,9,5,14
916-9162067,8,9,17
916-9162068,14,7,21
916-9162069,18,12,30
916-9162070,8,16,24
916-9162072,13,5,18
916-9162073,6,9,15
916-9162075,7,6,13
916-9162077,9,15,24
916-9162081,12,11,23
916-9162084,9,1,10
916-9162085,6,4,10
916-9162086,10,8,18
916-9162089,3,9,12
916-9162090,29,24,53
916-9162091,8,7,15
916-9162094,26,11,37
916-9162097,10,5,15
916-9162098,5,13,18
916-9162099,4,12,16
916-9162101,4,7,11
916-9162102,4,5,9
916-9162103,15,13,28
916-9162105,31,27,58
916-9162107,8,13,21
916-9162108,5,5,10
916-9162109,7,2,9
916-9162110,13,6,19
916-9162111,5,8,13
916-9162113,6,8,14
916-9162114,10,11,21
916-9162116,9,9,18
916-9162117,12,9,21
916-9162118,27,14,41
916-9162122,27,23,50
916-9162123,14,16,30
916-9162125,12,17,29
916-9162130,11,8,19
916-9162132,14,15,29
916-9162134,9,16,25
916-9162135,41,54,95
916-9162136,27,10,37
916-9162137,15,10,25
916-9162139,17,13,30
916-9162141,34,26,60
916-9162142,15,16,31
916-9162143,12,11,23
916-9162147,24,31,55
916-9162150,12,13,25
916-9162151,21,10,31
916-9162155,23,34,57
916-9162157,40,38,78
916-9162160,25,35,60
916-9162164,22,28,50
916-9162168,47,42,89
916-9162171,28,31,59
916-9162172,22,38,60
916-9162173,15,19,34
916-9162175,20,10,30
916-9162177,21,21,42
916-9162178,13,15,28
916-9162179,11,20,31
916-9162180,16,14,30
916-9162181,15,16,31
916-9162184,10,10,20
916-9162185,23,18,41
916-9162200,15,15,30
916-9163004,14,16,30
916-9163006,27,16,43
916-9163010,42,48,90
916-9163011,19,11,30
916-9163017,3,8,11
916-9163018,6,4,10
916-9163019,4,2,6
916-9163020,8,6,14
916-9163021,6,18,24
916-9163024,14,10,24
916-9163025,15,15,30
916-9163026,3,5,8
916-9163027,4,5,9
916-9163030,6,4,10
916-9163034,5,4,9
916-9163035,22,26,48
916-9163038,5,5,10
916-9163039,6,10,16
916-9163040,6,9,15
916-9163041,8,4,12
916-9163042,8,7,15
916-9163044,10,5,15
916-9163045,2,2,4
916-9163047,9,6,15
916-9163048,14,15,29
916-9163050,7,8,15
916-9163052,14,13,27
916-9163053,3,5,8
916-9163054,2,4,6
916-9163055,2,6,8
916-9163056,8,10,18
916-9163057,4,13,17
916-9163060,0,4,4
916-9163063,6,3,9
916-9163064,7,5,12
916-9163065,5,10,15
916-9163067,1,2,3
916-9163068,11,14,25
916-9163069,19,19,38
916-9163070,3,5,8
916-9163071,2,3,5
916-9163072,7,6,13
916-9163073,21,39,60
916-9163074,14,16,30
916-9163076,8,6,14
916-9163077,32,28,60
916-9163078,7,5,12
916-9163080,8,10,18
916-9163081,1,5,6
916-9163084,16,14,30
916-9163086,4,2,6
916-9163087,5,4,9
916-9163089,7,9,16
916-9163093,15,15,30
916-9163094,23,37,60
916-9163096,31,27,58
916-9163097,13,15,28
916-9163099,6,1,7
916-9163101,17,8,25
916-9163308,6,4,10
916-9163310,3,3,6
916-9163311,4,3,7
916-9163313,16,15,31
916-9163314,3,0,3
916-9163315,12,19,31
916-9163316,18,13,31
916-9163317,6,4,10
916-9163319,28,32,60
916-9163322,6,6,12
916-9163323,9,8,17
916-9163326,29,31,60
916-9163327,7,6,13
916-9163328,7,5,12
916-9163330,16,12,28
916-9163331,14,12,26
916-9163334,10,5,15
916-9163335,7,8,15
916-9163336,0,2,2
916-9163337,2,1,3
916-9163338,15,18,33
916-9163340,6,6,12
916-9163341,5,6,11
916-9163343,28,32,60
916-9163344,4,13,17
916-9163345,6,4,10
916-9163346,13,16,29
916-9163348,16,20,36
916-9163350,7,2,9
916-9163352,3,2,5
916-9163353,9,11,20
916-9163354,11,7,18
916-9163355,7,5,12
916-9163356,11,9,20
916-9163357,13,15,28
916-9163358,12,19,31
916-9163359,7,9,16
916-9163363,28,33,61
916-9163364,10,20,30
916-9163365,14,17,31
916-9163366,5,4,9
916-9163367,2,5,7
916-9163368,12,16,28
916-9163369,19,26,45
916-9163370,30,32,62
916-9163372,13,18,31
916-9163373,29,32,61
916-9163374,10,2,12
916-9163375,29,29,58
916-9165200,39,21,60
916-9165201,19,40,59
916-9165203,19,25,44
916-9165204,21,23,44
916-9165205,4,8,12
916-9165206,52,43,95
916-9165208,13,14,27
916-9165209,7,14,21
916-9165210,33,28,61
916-9165212,15,26,41
916-9165213,29,19,48
916-9165214,25,34,59
916-9165215,7,26,33
916-9165216,17,11,28
916-9165217,21,22,43
916-9165219,32,27,59
916-9165220,25,33,58
916-9165221,29,24,53
916-9166002,0,0,0
916-9166019,0,0,0
916-9166047,0,0,0
916-9166049,6,4,10
916-9166051,0,0,0
916-9166078,0,0,0
916-9166081,0,0,0
916-9167001,0,0,0
916-9167003,1,11,12
916-9167006,0,0,0
916-9167015,3,7,10
916-9167017,2,3,5
916-9167018,2,3,5
916-9167019,3,3,6
916-9167023,2,4,6
916-9167024,12,21,33
916-9167025,2,2,4
919-9191101,0,0,0
919-9191104,0,0,0
919-9191105,0,0,0
919-9191106,0,0,0
919-9191108,0,0,0
919-9192000,28,30,58
919-9192001,27,33,60
919-9192002,18,17,35
919-9192003,27,31,58
919-9192004,33,27,60
919-9192005,10,16,26
919-9192007,12,16,28
919-9192008,23,34,57
919-9192009,24,37,61
919-9192012,11,19,30
919-9192013,35,23,58
919-9192016,12,16,28
919-9192017,12,5,17
919-9192019,14,16,30
919-9192020,32,24,56
919-9192022,16,26,42
919-9192023,30,30,60
919-9192024,17,13,30
919-9192025,15,15,30
919-9192026,17,18,35
919-9192027,23,36,59
919-9192028,30,30,60
919-9192029,19,16,35
919-9192030,30,30,60
919-9192031,4,11,15
919-9192032,3,4,7
919-9192033,15,14,29
919-9192034,11,17,28
919-9192035,36,35,71
919-9192036,29,20,49
919-9192038,28,30,58
919-9192039,34,26,60
919-9192040,17,12,29
919-9192041,19,11,30
919-9192042,0,0,0
919-9192043,0,0,0
919-9192044,16,14,30
919-9192045,21,26,47
919-9192047,28,28,56
919-9192049,0,0,0
919-9192050,15,15,30
919-9192051,0,0,0
919-9192053,9,3,12
919-9192054,0,0,0
919-9192057,31,29,60
919-9192060,16,14,30
919-9192061,8,10,18
919-9192062,8,10,18
919-9192063,23,17,40
919-9192064,6,10,16
919-9192066,26,29,55
919-9192067,43,34,77
919-9192068,25,33,58
919-9192071,5,6,11
919-9192072,18,12,30
919-9192073,12,10,22
919-9192074,14,24,38
919-9192077,3,15,18
919-9192079,15,15,30
919-9192080,32,28,60
919-9192082,18,12,30
919-9192083,42,48,90
919-9192091,19,11,30
919-9192093,44,44,88
919-9192095,27,32,59
919-9192096,10,19,29
919-9192098,18,12,30
919-9192099,25,26,51
919-9192100,40,49,89
919-9192101,9,6,15
919-9192102,12,18,30
919-9192103,5,11,16
919-9192105,6,5,11
919-9192106,12,18,30
919-9192108,14,25,39
919-9192110,44,31,75
919-9192114,6,12,18
919-9192115,28,30,58
919-9192116,30,30,60
919-9192120,29,31,60
919-9192123,36,23,59
919-9192125,23,29,52
919-9192130,33,27,60
919-9192131,13,17,30
919-9192132,37,53,90
919-9192133,21,34,55
919-9192135,13,15,28
919-9192137,23,28,51
919-9192139,10,20,30
919-9192140,18,12,30
919-9192142,12,15,27
919-9192143,10,16,26
919-9192145,4,4,8
919-9192146,6,5,11
919-9192147,30,30,60
919-9192151,19,28,47
919-9192153,12,18,30
919-9192154,21,33,54
919-9192155,15,15,30
919-9192156,24,31,55
919-9192166,31,26,57
919-9192168,18,10,28
919-9192169,19,11,30
919-9192177,14,10,24
919-9192178,10,15,25
919-9192181,13,15,28
919-9192188,26,16,42
919-9192198,37,42,79
919-9192203,17,27,44
919-9192206,39,51,90
919-9192210,13,13,26
919-9192219,12,14,26
919-9192224,15,15,30
919-9192225,26,29,55
919-9192226,26,31,57
919-9192227,26,20,46
919-9192229,19,12,31
919-9192235,33,28,61
919-9192237,18,11,29
919-9192240,29,28,57
919-9192242,10,20,30
919-9192243,14,15,29
919-9192250,57,32,89
919-9192251,12,17,29
919-9192252,19,10,29
919-9192258,12,18,30
919-9192261,31,27,58
919-9192263,16,14,30
919-9192266,23,20,43
919-9192274,13,16,29
919-9192280,30,30,60
919-9192283,16,13,29
919-9192287,31,29,60
919-9192288,18,12,30
919-9192289,24,20,44
919-9192293,15,13,28
919-9192296,21,8,29
919-9192299,51,39,90
919-9192300,36,24,60
919-9192302,12,11,23
919-9192304,15,13,28
919-9192308,15,13,28
919-9192312,21,22,43
919-9192314,15,15,30
919-9192316,19,9,28
919-9192323,14,12,26
919-9192326,18,13,31
919-9192327,16,14,30
919-9192333,35,29,64
919-9192337,35,50,85
919-9192338,27,30,57
919-9192339,22,23,45
919-9192341,44,43,87
919-9192343,14,17,31
919-9192344,38,27,65
919-9192345,30,29,59
919-9192348,20,11,31
919-9192349,42,40,82
919-9192353,16,13,29
919-9192356,16,14,30
919-9192360,23,37,60
919-9192362,15,15,30
919-9192364,17,14,31
919-9192365,35,29,64
919-9192372,10,20,30
919-9192373,15,10,25
919-9192375,16,9,25
919-9192378,15,15,30
919-9192379,17,13,30
919-9192380,17,14,31
919-9192381,32,28,60
919-9192384,26,34,60
919-9192385,21,19,40
919-9192387,15,14,29
919-9192389,44,46,90
919-9192391,17,13,30
919-9192392,21,17,38
919-9192393,24,21,45
919-9192398,32,27,59
919-9192401,16,12,28
919-9192405,29,30,59
919-9192407,9,20,29
919-9192410,27,27,54
919-9192411,15,14,29
919-9192412,17,13,30
919-9192414,23,21,44
919-9192415,14,15,29
919-9192416,34,26,60
919-9192422,11,13,24
919-9192424,25,35,60
919-9192426,24,19,43
919-9192427,19,27,46
919-9192428,30,30,60
919-9192429,18,27,45
919-9192432,27,28,55
919-9192433,18,12,30
919-9192436,35,26,61
919-9192437,22,38,60
919-9192442,14,13,27
919-9192443,17,27,44
919-9192444,19,28,47
919-9192446,12,18,30
919-9192448,23,26,49
919-9192451,24,32,56
919-9192452,33,27,60
919-9192454,28,32,60
919-9192457,40,20,60
919-9192462,35,27,62
919-9192464,32,25,57
919-9192465,25,29,54
919-9192466,14,14,28
919-9192467,28,30,58
919-9192468,19,38,57
919-9192469,23,37,60
919-9192980,21,38,59
919-9192982,16,14,30
919-9192985,22,24,46
919-9192994,29,31,60
919-9192996,27,27,54
919-9192997,13,13,26
919-9193000,6,8,14
919-9193005,26,34,60
919-9193007,6,6,12
919-9193008,0,2,2
919-9193009,11,5,16
919-9193012,31,28,59
919-9193013,15,15,30
919-9193015,7,5,12
919-9193016,7,12,19
919-9193018,9,8,17
919-9193020,5,8,13
919-9193025,12,1,13
919-9193026,12,17,29
919-9193029,30,30,60
919-9193030,15,15,30
919-9193032,2,1,3
919-9193034,7,7,14
919-9193037,9,13,22
919-9193038,10,5,15
919-9193040,14,15,29
919-9193041,7,8,15
919-9193042,25,35,60
919-9193043,24,21,45
919-9193045,3,2,5
919-9193047,8,8,16
919-9193049,16,13,29
919-9193053,9,13,22
919-9193054,17,12,29
919-9193301,16,13,29
919-9193302,10,19,29
919-9193303,2,8,10
919-9193304,29,31,60
919-9193306,2,8,10
919-9193307,5,11,16
919-9193315,14,17,31
919-9193318,23,17,40
919-9193319,15,15,30
919-9193326,13,11,24
919-9193327,16,14,30
919-9193329,8,20,28
919-9193333,13,13,26
919-9193334,15,14,29
919-9193335,5,7,12
919-9193336,15,7,22
919-9193339,5,7,12
919-9193341,15,15,30
919-9193344,16,14,30
919-9193345,14,16,30
919-9193348,9,11,20
919-9193349,14,12,26
919-9193350,14,16,30
919-9193352,8,4,12
919-9193353,15,17,32
919-9193357,9,8,17
919-9193358,10,4,14
919-9193359,10,20,30
919-9193360,14,15,29
919-9193361,13,17,30
919-9193363,14,8,22
919-9193364,12,16,28
919-9193366,4,5,9
919-9193367,10,8,18
919-9193368,3,6,9
919-9193369,15,15,30
919-9193370,12,13,25
919-9193371,36,24,60
919-9193373,13,11,24
919-9193376,14,13,27
919-9193378,13,17,30
919-9193379,13,28,41
919-9193380,10,6,16
919-9193382,16,13,29
919-9193383,14,15,29
919-9193384,17,12,29
919-9193385,17,14,31
919-9193386,23,38,61
919-9193388,25,32,57
919-9193389,13,19,32
919-9193391,14,15,29
919-9193393,15,14,29
919-9193394,18,26,44
919-9193397,12,18,30
919-9193398,15,15,30
919-9193399,13,20,33
919-9193400,8,22,30
919-9193401,16,13,29
919-9193402,11,17,28
919-9193403,17,13,30
919-9193404,15,15,30
919-9193406,12,18,30
919-9193408,20,10,30
919-9193410,18,12,30
919-9193413,17,13,30
919-9193415,20,20,40
919-9193416,13,17,30
919-9193419,33,31,64
919-9193421,33,25,58
919-9193423,11,11,22
919-9193424,10,20,30
919-9193428,25,41,66
919-9193975,13,17,30
919-9193976,4,14,18
919-9193977,31,29,60
919-9193978,31,24,55
919-9193979,22,38,60
919-9193981,18,12,30
919-9193982,33,26,59
919-9193983,31,20,51
919-9193984,18,12,30
919-9193985,34,29,63
919-9193986,31,31,62
919-9193987,17,13,30
919-9193988,24,25,49
919-9193989,28,23,51
919-9193990,25,21,46
919-9193991,22,26,48
919-9193992,25,34,59
919-9194003,25,35,60
919-9194067,0,0,0
919-9194144,28,27,55
919-9194145,0,0,0
919-9194146,0,0,0
919-9194149,0,0,0
919-9194506,0,0,0
919-9194627,53,51,104
919-9195200,16,14,30
919-9195201,18,12,30
919-9195202,21,29,50
919-9195203,15,15,30
919-9195204,7,5,12
919-9195205,31,28,59
919-9195206,16,14,30
919-9195207,12,17,29
919-9195208,17,22,39
919-9195209,8,8,16
919-9195210,23,24,47
919-9195211,28,36,64
919-9195212,22,37,59
919-9195213,15,15,30
919-9196221,0,0,0
919-9196222,0,0,0
919-9196224,0,0,0
919-9196228,0,0,0
919-9196234,0,0,0
919-9197006,0,1,1
919-9197007,0,0,0
919-9197011,6,11,17
919-9197012,0,0,0
919-9197013,5,6,11
919-9197019,3,15,18
919-9197022,1,2,3
919-9197023,4,3,7
919-9197024,4,9,13
919-9197025,3,5,8
919-9197026,2,7,9
919-9197028,1,7,8
919-9197032,3,5,8
919-9197034,0,9,9
919-9197041,3,18,21
919-9197042,4,2,6
919-9197043,0,2,2
919-9197044,5,12,17
919-9197047,0,14,14
921-9211102,0,4,4
921-9212000,8,17,25
921-9212001,5,5,10
921-9212002,20,16,36
921-9212003,14,18,32
921-9212005,12,15,27
921-9212006,8,8,16
921-9212007,20,25,45
921-9212009,18,10,28
921-9212010,12,19,31
921-9212012,17,13,30
921-9212014,21,25,46
921-9212015,9,14,23
921-9212016,15,14,29
921-9212018,28,28,56
921-9212021,30,30,60
921-9212024,8,7,15
921-9212029,12,16,28
921-9212030,14,9,23
921-9212032,28,25,53
921-9212033,28,22,50
921-9212038,17,13,30
921-9212039,21,39,60
921-9212041,12,15,27
921-9212042,15,14,29
921-9212043,21,32,53
921-9212044,32,26,58
921-9213000,10,16,26
921-9213001,14,15,29
921-9213003,4,4,8
921-9213004,32,19,51
921-9213006,4,5,9
921-9213011,11,13,24
921-9213300,12,8,20
921-9213303,25,16,41
921-9213304,6,7,13
921-9213310,18,10,28
921-9213311,9,10,19
921-9213313,15,15,30
921-9213314,11,18,29
921-9213315,26,20,46
921-9217000,1,1,2
921-9217003,3,7,10
925-9250611,0,0,0
925-9251111,0,4,4
925-9252000,36,45,81
925-9252002,14,18,32
925-9252003,8,10,18
925-9252004,12,5,17
925-9252005,19,15,34
925-9252006,25,35,60
925-9252007,4,3,7
925-9252008,15,12,27
925-9252009,31,26,57
925-9252010,27,32,59
925-9252012,8,9,17
925-9252013,6,8,14
925-9252014,17,13,30
925-9252015,7,14,21
925-9252016,12,3,15
925-9252017,4,6,10
925-9252018,0,0,0
925-9252019,5,6,11
925-9252020,31,29,60
925-9252021,6,2,8
925-9252023,4,7,11
925-9252024,27,30,57
925-9252025,8,9,17
925-9252027,27,30,57
925-9252028,15,15,30
925-9252030,14,25,39
925-9252031,3,8,11
925-9252033,2,5,7
925-9252034,4,10,14
925-9252035,6,2,8
925-9252036,0,0,0
925-9252038,17,13,30
925-9252039,10,11,21
925-9252040,6,8,14
925-9252042,8,5,13
925-9252043,7,12,19
925-9252046,15,17,32
925-9252050,3,2,5
925-9252054,15,16,31
925-9252055,21,25,46
925-9252057,36,40,76
925-9252061,19,21,40
925-9252062,15,17,32
925-9252064,16,30,46
925-9252065,21,36,57
925-9252066,12,13,25
925-9252067,16,13,29
925-9252070,13,17,30
925-9252072,42,48,90
925-9252074,22,22,44
925-9252075,31,13,44
925-9252084,28,35,63
925-9252085,6,2,8
925-9252087,12,11,23
925-9252088,5,12,17
925-9252089,3,7,10
925-9252091,3,4,7
925-9252092,6,2,8
925-9252093,16,13,29
925-9252094,42,35,77
925-9252095,24,29,53
925-9252096,6,9,15
925-9252097,21,17,38
925-9252102,4,6,10
925-9252104,2,7,9
925-9252105,7,8,15
925-9252107,12,2,14
925-9252109,17,13,30
925-9252113,31,29,60
925-9252114,20,26,46
925-9252116,36,24,60
925-9252120,24,35,59
925-9252124,31,27,58
925-9252136,52,35,87
925-9252142,26,26,52
925-9252146,1,2,3
925-9252149,2,7,9
925-9252151,5,6,11
925-9252152,4,5,9
925-9252153,3,1,4
925-9252157,6,8,14
925-9252158,1,2,3
925-9252159,4,10,14
925-9252161,3,2,5
925-9252166,11,12,23
925-9252168,13,12,25
925-9252169,3,2,5
925-9252171,33,26,59
925-9252174,6,5,11
925-9252175,6,9,15
925-9252176,4,9,13
925-9252177,15,13,28
925-9252178,5,7,12
925-9252179,2,4,6
925-9252180,3,0,3
925-9252181,5,6,11
925-9252182,5,7,12
925-9252183,3,2,5
925-9252185,3,5,8
925-9252187,9,8,17
925-9252188,12,23,35
925-9252191,23,24,47
925-9252193,16,14,30
925-9252195,7,14,21
925-9252196,13,11,24
925-9252197,7,7,14
925-9252198,10,7,17
925-9252199,8,8,16
925-9252201,6,10,16
925-9252202,8,5,13
925-9252203,8,5,13
925-9252205,2,4,6
925-9252206,7,14,21
925-9252207,27,32,59
925-9252210,2,6,8
925-9252214,17,11,28
925-9252215,9,6,15
925-9252219,32,27,59
925-9252224,21,11,32
925-9252229,19,24,43
925-9252232,25,28,53
925-9252234,32,30,62
925-9252237,33,23,56
925-9252238,26,12,38
925-9252239,42,47,89
925-9252240,28,26,54
925-9252241,23,19,42
925-9252243,8,7,15
925-9252244,37,25,62
925-9252245,37,39,76
925-9252246,20,20,40
925-9252247,14,11,25
925-9252248,29,28,57
925-9253000,13,5,18
925-9253001,13,13,26
925-9253004,21,13,34
925-9253005,16,14,30
925-9253007,11,14,25
925-9253015,4,5,9
925-9253017,5,6,11
925-9253018,7,4,11
925-9253021,7,7,14
925-9253022,5,6,11
925-9253026,21,9,30
925-9253027,20,19,39
925-9253029,21,29,50
925-9253031,20,11,31
925-9253033,11,9,20
925-9253036,14,6,20
925-9253037,14,12,26
925-9253040,14,17,31
925-9253041,6,6,12
925-9253044,8,10,18
925-9253045,13,18,31
925-9253047,15,17,32
925-9253050,12,2,14
925-9253052,6,10,16
925-9253056,16,12,28
925-9253066,8,4,12
925-9253068,12,11,23
925-9253070,9,6,15
925-9253071,9,5,14
925-9253077,17,23,40
925-9253078,7,17,24
925-9253079,9,11,20
925-9253085,27,31,58
925-9253088,1,6,7
925-9253089,3,2,5
925-9253091,18,29,47
925-9253092,6,9,15
925-9253093,6,8,14
925-9253096,12,8,20
925-9253097,13,16,29
925-9253098,15,19,34
925-9253102,20,21,41
925-9253103,10,10,20
925-9253107,28,32,60
925-9253111,12,20,32
925-9253116,7,7,14
925-9253118,14,16,30
925-9253119,29,21,50
925-9253120,6,8,14
925-9253121,13,19,32
925-9253122,6,5,11
925-9253123,8,5,13
925-9253124,6,6,12
925-9253125,3,2,5
925-9253128,20,23,43
925-9253130,6,5,11
925-9253131,13,26,39
925-9253132,1,3,4
925-9253133,1,1,2
925-9253134,7,5,12
925-9253136,19,9,28
925-9253139,19,16,35
925-9253140,8,2,10
925-9253141,3,10,13
925-9253146,9,11,20
925-9253151,7,12,19
925-9253152,5,2,7
925-9253154,13,6,19
925-9253156,21,26,47
925-9253158,26,27,53
925-9253162,15,15,30
925-9253163,9,5,14
925-9253166,14,32,46
925-9253167,20,19,39
925-9253168,1,11,12
925-9253169,13,16,29
925-9253170,11,8,19
925-9253171,13,10,23
925-9253308,56,57,113
925-9253313,8,11,19
925-9253314,5,4,9
925-9253317,9,3,12
925-9253319,4,2,6
925-9253321,12,4,16
925-9253322,5,5,10
925-9253325,17,10,27
925-9253330,13,19,32
925-9253331,10,11,21
925-9253332,10,4,14
925-9253337,5,12,17
925-9253338,25,40,65
925-9253339,35,30,65
925-9253340,7,8,15
925-9253342,16,15,31
925-9253343,16,14,30
925-9253346,19,23,42
925-9253347,17,14,31
925-9253350,10,9,19
925-9253353,10,16,26
925-9253354,19,27,46
925-9253359,5,9,14
925-9253361,15,11,26
925-9253364,27,32,59
925-9253366,5,6,11
925-9253505,32,26,58
925-9253506,23,24,47
925-9253507,30,25,55
925-9253508,29,23,52
925-9253510,42,48,90
925-9255202,13,15,28
925-9255203,42,47,89
925-9255205,45,45,90
925-9255206,46,45,91
925-9255207,25,25,50
925-9255208,16,16,32
925-9255209,14,18,32
925-9255210,21,9,30
925-9255211,46,44,90
925-9255212,14,20,34
925-9255214,18,12,30
925-9255215,13,16,29
925-9255216,21,17,38
925-9255217,18,14,32
925-9255218,4,7,11
925-9255220,28,31,59
925-9255221,55,35,90
925-9255222,9,6,15
925-9255224,41,61,102
925-9255225,16,14,30
925-9255226,15,21,36
925-9255228,12,18,30
925-9256012,0,0,0
925-9256016,0,0,0
925-9256023,0,0,0
925-9256038,0,0,0
925-9256905,33,27,60
925-9257002,2,10,12
925-9257005,0,3,3
925-9257008,2,13,15
925-9257010,1,5,6
925-9257011,0,3,3
925-9257012,0,0,0
925-9257015,2,13,15
925-9257016,5,2,7
925-9257021,2,6,8
925-9257024,4,5,9
925-9257025,1,4,5
925-9257028,1,4,5
925-9257031,2,14,16
925-9257033,1,11,12
926-9261111,1,16,17
926-9262000,7,10,17
926-9262001,13,11,24
926-9262003,2,6,8
926-9262004,0,0,0
926-9262006,21,21,42
926-9262007,6,4,10
926-9262008,32,29,61
926-9262009,8,6,14
926-9262010,11,7,18
926-9262012,9,5,14
926-9262015,0,4,4
926-9262017,11,21,32
926-9262020,9,15,24
926-9262021,6,6,12
926-9262022,29,31,60
926-9262025,4,7,11
926-9262027,24,28,52
926-9262028,22,9,31
926-9262030,7,1,8
926-9262031,0,2,2
926-9262032,14,17,31
926-9262033,44,41,85
926-9262035,7,11,18
926-9262036,2,1,3
926-9262038,8,13,21
926-9262039,33,49,82
926-9262041,6,5,11
926-9262043,46,45,91
926-9262045,42,40,82
926-9262046,29,31,60
926-9262047,27,26,53
926-9262048,16,14,30
926-9262052,11,20,31
926-9262053,24,29,53
926-9262054,4,9,13
926-9262055,25,20,45
926-9262056,32,35,67
926-9262057,8,7,15
926-9262058,40,44,84
926-9262059,31,25,56
926-9262060,7,6,13
926-9262061,2,4,6
926-9262062,7,2,9
926-9262063,12,10,22
926-9262064,10,16,26
926-9262065,9,3,12
926-9262066,5,5,10
926-9262067,7,6,13
926-9262068,17,11,28
926-9262069,5,4,9
926-9262070,5,13,18
926-9262071,6,5,11
926-9262075,27,20,47
926-9262076,0,3,3
926-9262077,15,14,29
926-9262078,8,9,17
926-9262079,10,13,23
926-9262080,1,2,3
926-9262081,7,5,12
926-9262082,22,19,41
926-9262083,10,9,19
926-9262084,6,5,11
926-9262086,25,33,58
926-9262087,16,12,28
926-9262088,16,13,29
926-9262089,3,0,3
926-9262090,13,11,24
926-9262091,20,9,29
926-9262094,18,17,35
926-9262095,7,7,14
926-9262096,1,10,11
926-9262097,34,27,61
926-9262098,31,27,58
926-9262100,19,20,39
926-9262101,4,10,14
926-9262102,5,3,8
926-9262104,15,4,19
926-9262105,7,4,11
926-9262106,7,4,11
926-9262107,1,2,3
926-9262109,52,68,120
926-9262111,4,3,7
926-9262112,4,5,9
926-9262114,2,9,11
926-9262116,3,6,9
926-9262117,5,4,9
926-9262118,27,24,51
926-9262119,3,2,5
926-9262121,14,18,32
926-9262122,13,10,23
926-9262125,14,13,27
926-9262126,0,0,0
926-9262127,31,12,43
926-9262128,16,14,30
926-9262130,19,10,29
926-9262131,3,6,9
926-9262133,15,13,28
926-9262135,7,2,9
926-9262137,50,35,85
926-9262138,16,21,37
926-9262141,1,4,5
926-9262142,33,48,81
926-9262146,26,34,60
926-9262149,22,20,42
926-9262150,5,6,11
926-9262153,6,9,15
926-9262154,19,8,27
926-9262156,5,1,6
926-9262157,16,29,45
926-9262159,6,2,8
926-9262160,32,27,59
926-9262161,27,31,58
926-9262163,21,10,31
926-9262164,2,0,2
926-9262165,20,13,33
926-9262166,8,7,15
926-9262167,5,10,15
926-9262168,6,5,11
926-9262169,32,25,57
926-9262172,7,5,12
926-9262173,3,5,8
926-9262174,3,3,6
926-9262177,10,15,25
926-9262179,24,22,46
926-9262180,3,2,5
926-9262181,38,39,77
926-9262182,22,31,53
926-9262184,18,13,31
926-9262186,7,7,14
926-9262187,15,6,21
926-9262189,0,0,0
926-9262198,1,1,2
926-9262201,18,11,29
926-9262204,21,27,48
926-9262210,0,2,2
926-9262220,9,2,11
926-9262223,4,4,8
926-9262226,4,1,5
926-9262228,6,3,9
926-9262229,19,8,27
926-9262233,14,15,29
926-9262234,5,12,17
926-9262235,5,5,10
926-9262236,9,6,15
926-9262245,11,16,27
926-9262247,42,47,89
926-9262252,20,10,30
926-9262253,28,26,54
926-9262261,14,21,35
926-9262263,8,19,27
926-9262264,30,25,55
926-9262265,16,24,40
926-9262266,59,63,122
926-9262267,31,43,74
926-9262272,17,21,38
926-9262279,11,18,29
926-9262287,38,48,86
926-9262291,55,63,118
926-9262295,18,14,32
926-9262300,31,28,59
926-9262303,33,46,79
926-9262312,42,46,88
926-9262318,47,41,88
926-9262321,32,27,59
926-9262346,27,16,43
926-9262354,32,26,58
926-9262357,11,19,30
926-9262362,27,29,56
926-9262367,45,46,91
926-9262371,31,33,64
926-9262383,15,13,28
926-9262402,34,50,84
926-9262406,16,16,32
926-9262409,12,14,26
926-9262411,25,35,60
926-9262412,8,6,14
926-9262413,12,18,30
926-9262415,17,12,29
926-9262417,16,14,30
926-9262419,21,22,43
926-9262420,24,20,44
926-9262426,12,19,31
926-9262427,20,40,60
926-9263000,12,12,24
926-9263001,7,6,13
926-9263003,8,8,16
926-9263014,11,7,18
926-9263016,17,10,27
926-9263021,24,21,45
926-9263026,14,12,26
926-9263027,5,10,15
926-9263028,5,7,12
926-9263030,14,14,28
926-9263032,9,12,21
926-9263037,3,9,12
926-9263038,4,2,6
926-9263041,3,5,8
926-9263043,37,41,78
926-9263053,28,27,55
926-9263054,10,8,18
926-9263056,6,8,14
926-9263058,10,14,24
926-9263059,5,7,12
926-9263060,24,36,60
926-9263061,4,9,13
926-9263063,4,2,6
926-9263066,9,9,18
926-9263067,2,9,11
926-9263068,5,3,8
926-9263078,8,9,17
926-9263083,8,8,16
926-9263084,4,14,18
926-9263085,59,60,119
926-9263088,5,8,13
926-9263089,2,1,3
926-9263094,8,7,15
926-9263096,19,14,33
926-9263100,8,7,15
926-9263106,8,13,21
926-9263107,6,5,11
926-9263114,10,8,18
926-9263119,2,4,6
926-9263120,9,8,17
926-9263121,13,9,22
926-9263123,6,7,13
926-9263125,15,12,27
926-9263126,5,1,6
926-9263127,1,4,5
926-9263131,4,4,8
926-9263133,2,6,8
926-9263136,30,26,56
926-9263137,3,3,6
926-9263138,5,7,12
926-9263139,6,6,12
926-9263140,17,13,30
926-9263141,9,18,27
926-9263144,10,8,18
926-9263145,4,10,14
926-9263146,4,2,6
926-9263152,36,42,78
926-9263306,4,7,11
926-9263307,7,4,11
926-9263309,7,3,10
926-9263310,7,2,9
926-9263312,1,4,5
926-9263313,32,26,58
926-9263315,6,9,15
926-9263322,9,4,13
926-9263327,4,3,7
926-9263329,16,12,28
926-9263339,4,11,15
926-9263346,4,7,11
926-9263349,10,10,20
926-9263354,3,1,4
926-9263359,1,5,6
926-9263369,2,3,5
926-9263373,5,8,13
926-9263376,16,14,30
926-9263377,5,2,7
926-9263380,6,5,11
926-9263383,7,7,14
926-9263385,5,9,14
926-9263390,8,4,12
926-9263393,19,14,33
926-9263395,14,16,30
926-9263396,5,5,10
926-9263397,35,25,60
926-9263403,19,11,30
926-9263404,13,13,26
926-9263405,42,59,101
926-9263406,8,10,18
926-9263407,11,3,14
926-9263408,9,3,12
926-9263409,8,6,14
926-9263418,14,17,31
926-9263421,28,30,58
926-9263423,44,31,75
926-9263424,33,24,57
926-9263425,39,40,79
926-9263429,21,24,45
926-9263430,22,30,52
926-9263431,28,33,61
926-9263433,9,6,15
926-9264020,0,0,0
926-9264053,10,9,19
926-9265200,12,15,27
926-9265201,13,22,35
926-9265202,22,28,50
926-9265203,3,8,11
926-9265206,23,40,63
926-9265207,25,34,59
926-9265209,10,11,21
926-9265210,1,6,7
926-9265212,10,5,15
926-9265215,15,18,33
926-9265217,4,7,11
926-9265218,6,8,14
926-9266111,0,0,0
926-9266114,0,0,0
926-9266153,0,0,0
926-9266911,8,2,10
926-9267001,1,6,7
926-9267002,0,3,3
926-9267004,2,10,12
926-9267006,3,3,6
926-9267007,2,7,9
926-9267010,2,2,4
926-9267013,1,5,6
926-9267014,0,11,11
926-9267015,0,7,7
926-9267016,1,4,5
926-9267020,2,6,8
926-9267021,5,8,13
928-9281105,0,0,0
928-9281108,0,5,5
928-9282000,12,12,24
928-9282001,26,34,60
928-9282002,21,10,31
928-9282003,14,10,24
928-9282004,13,5,18
928-9282006,3,4,7
928-9282007,15,15,30
928-9282008,14,31,45
928-9282010,47,43,90
928-9282011,6,1,7
928-9282012,8,5,13
928-9282013,9,7,16
928-9282014,45,44,89
928-9282015,16,14,30
928-9282016,34,26,60
928-9282019,16,14,30
928-9282020,63,57,120
928-9282022,17,21,38
928-9282023,5,3,8
928-9282024,12,16,28
928-9282025,28,24,52
928-9282026,5,16,21
928-9282027,51,41,92
928-9282029,32,30,62
928-9282030,41,53,94
928-9282031,13,16,29
928-9282033,35,24,59
928-9282034,14,15,29
928-9282036,32,45,77
928-9282037,19,29,48
928-9282038,4,3,7
928-9282039,28,26,54
928-9282040,0,1,1
928-9282041,11,10,21
928-9282042,5,6,11
928-9282043,9,10,19
928-9282046,2,3,5
928-9282047,6,12,18
928-9282048,44,46,90
928-9282049,22,31,53
928-9282052,27,29,56
928-9282053,51,65,116
928-9282057,17,23,40
928-9282063,28,32,60
928-9282064,29,22,51
928-9282065,14,16,30
928-9282066,15,11,26
928-9282067,18,39,57
928-9282069,4,4,8
928-9282070,33,25,58
928-9282071,42,39,81
928-9282072,8,3,11
928-9282073,4,9,13
928-9282074,9,5,14
928-9282075,2,7,9
928-9282076,12,6,18
928-9282078,13,17,30
928-9282079,15,16,31
928-9282080,41,52,93
928-9282082,11,19,30
928-9282088,9,6,15
928-9282089,13,17,30
928-9282090,8,10,18
928-9282091,5,1,6
928-9282092,15,14,29
928-9282093,21,24,45
928-9282094,21,12,33
928-9282098,23,19,42
928-9282099,32,28,60
928-9282103,14,17,31
928-9282104,19,25,44
928-9282105,15,12,27
928-9282106,37,24,61
928-9282107,8,7,15
928-9282108,6,10,16
928-9282109,16,22,38
928-9282111,30,30,60
928-9282120,23,31,54
928-9282126,33,20,53
928-9282130,39,49,88
928-9282131,18,10,28
928-9282137,28,32,60
928-9282139,33,23,56
928-9282142,33,26,59
928-9282143,15,14,29
928-9282144,19,36,55
928-9282145,34,35,69
928-9282150,16,13,29
928-9282151,35,54,89
928-9282152,16,16,32
928-9282153,24,29,53
928-9282155,36,24,60
928-9282156,11,19,30
928-9282157,30,30,60
928-9282158,32,29,61
928-9282159,22,22,44
928-9282160,30,28,58
928-9282161,25,33,58
928-9282162,24,36,60
928-9282163,52,33,85
928-9282164,0,0,0
928-9282166,25,33,58
928-9282167,5,8,13
928-9282169,27,30,57
928-9282173,13,15,28
928-9282174,14,13,27
928-9282176,19,11,30
928-9282177,24,38,62
928-9282178,51,42,93
928-9282179,22,27,49
928-9282180,17,13,30
928-9282181,30,30,60
928-9282182,33,27,60
928-9282183,28,32,60
928-9282184,28,32,60
928-9282188,36,50,86
928-9282190,19,11,30
928-9282192,32,29,61
928-9282197,32,28,60
928-9282200,2,3,5
928-9282201,27,26,53
928-9282202,15,12,27
928-9282203,0,0,0
928-9282206,31,30,61
928-9282207,8,0,8
928-9282208,40,26,66
928-9282209,47,43,90
928-9282210,24,35,59
928-9282211,42,47,89
928-9282214,39,25,64
928-9282215,48,42,90
928-9282217,27,34,61
928-9282218,26,24,50
928-9282219,34,29,63
928-9282220,30,34,64
928-9282222,34,24,58
928-9282223,30,30,60
928-9282224,29,29,58
928-9282225,35,22,57
928-9282226,17,22,39
928-9282227,17,13,30
928-9282228,29,31,60
928-9282229,12,10,22
928-9282230,12,18,30
928-9282231,25,35,60
928-9282232,22,35,57
928-9282233,0,0,0
928-9283000,8,13,21
928-9283002,0,3,3
928-9283004,5,12,17
928-9283006,6,6,12
928-9283007,6,2,8
928-9283008,24,30,54
928-9283011,14,13,27
928-9283012,34,32,66
928-9283017,9,9,18
928-9283018,4,10,14
928-9283019,7,6,13
928-9283026,2,9,11
928-9283028,7,12,19
928-9283029,3,4,7
928-9283030,12,15,27
928-9283031,4,5,9
928-9283032,5,12,17
928-9283033,5,11,16
928-9283034,15,13,28
928-9283035,15,15,30
928-9283039,6,6,12
928-9283040,10,16,26
928-9283042,6,10,16
928-9283045,8,5,13
928-9283046,3,6,9
928-9283048,31,29,60
928-9283049,12,15,27
928-9283050,4,14,18
928-9283051,3,4,7
928-9283053,7,5,12
928-9283057,18,13,31
928-9283058,4,1,5
928-9283060,5,3,8
928-9283062,8,6,14
928-9283066,7,6,13
928-9283068,11,18,29
928-9283070,15,16,31
928-9283073,28,31,59
928-9283076,11,7,18
928-9283077,17,15,32
928-9283080,6,5,11
928-9283082,10,6,16
928-9283084,2,5,7
928-9283086,11,12,23
928-9283088,6,9,15
928-9283090,31,29,60
928-9283091,35,27,62
928-9283200,8,9,17
928-9283201,12,9,21
928-9283202,6,4,10
928-9283203,8,7,15
928-9283204,23,20,43
928-9283205,27,30,57
928-9283304,30,29,59
928-9283307,8,7,15
928-9283312,13,11,24
928-9283313,0,0,0
928-9283316,8,5,13
928-9283318,12,16,28
928-9283320,7,8,15
928-9283322,17,22,39
928-9283326,4,2,6
928-9283331,10,8,18
928-9283333,10,9,19
928-9283336,10,9,19
928-9283339,8,7,15
928-9283340,6,5,11
928-9283344,6,3,9
928-9283345,6,7,13
928-9283346,21,24,45
928-9283348,26,33,59
928-9283350,17,13,30
928-9283354,22,33,55
928-9283355,29,29,58
928-9283400,9,6,15
928-9283406,14,17,31
928-9283408,10,18,28
928-9283500,16,15,31
928-9283501,29,31,60
928-9283502,13,19,32
928-9283508,32,29,61
928-9283509,23,27,50
928-9283511,15,17,32
928-9283513,33,23,56
928-9283514,15,15,30
928-9283515,25,24,49
928-9284005,34,26,60
928-9284018,0,0,0
928-9284020,0,0,0
928-9284066,0,0,0
928-9285200,32,29,61
928-9285207,56,57,113
928-9285208,58,62,120
928-9285209,35,43,78
928-9285210,10,6,16
928-9285212,9,3,12
928-9286002,0,0,0
928-9286056,0,0,0
928-9286072,0,0,0
928-9286908,25,34,59
928-9287000,0,6,6
928-9287002,0,5,5
928-9287014,6,10,16
928-9287020,3,14,17
928-9287026,6,17,23
928-9287028,2,7,9
928-9287031,9,18,27
928-9287033,0,3,3
929-9290611,0,0,0
929-9291100,0,0,0
929-9292000,12,7,19
929-9292003,1,2,3
929-9292009,5,8,13
929-9292015,15,23,38
929-9292032,14,17,31
929-9292033,10,9,19
929-9292035,2,6,8
929-9292037,7,6,13
929-9292041,16,15,31
929-9292044,7,10,17
929-9292053,2,3,5
929-9292074,14,9,23
929-9292076,13,9,22
929-9292077,28,24,52
929-9292103,4,9,13
929-9292105,2,3,5
929-9292138,8,8,16
929-9292207,9,5,14
929-9292212,18,10,28
929-9292215,31,27,58
929-9292281,17,8,25
929-9292291,35,40,75
929-9292293,10,4,14
929-9292323,24,21,45
929-9292370,17,9,26
929-9292397,20,41,61
929-9292398,30,19,49
929-9292405,17,25,42
929-9292407,12,16,28
929-9292415,29,28,57
929-9292417,34,26,60
929-9292525,5,10,15
929-9292527,31,26,57
929-9292529,19,37,56
929-9292530,23,22,45
929-9292531,36,41,77
929-9293095,8,6,14
929-9293129,8,13,21
929-9293133,10,14,24
929-9293135,3,4,7
929-9293173,13,13,26
929-9293264,6,3,9
929-9293312,11,12,23
929-9293349,1,2,3
929-9293403,5,7,12
929-9293408,2,2,4
929-9293492,3,3,6
929-9293550,7,6,13
929-9293560,6,4,10
929-9293711,26,16,42
929-9293713,11,17,28
929-9293726,18,20,38
929-9293732,13,17,30
929-9293917,10,7,17
929-9293918,21,26,47
929-9294000,0,0,0
929-9294007,0,0,0
929-9294079,0,0,0
929-9294150,0,0,0
929-9294161,0,0,0
929-9294162,0,0,0
929-9294168,0,0,0
929-9294198,0,0,0
929-9294199,0,0,0
929-9294309,0,0,0
929-9294332,0,0,0
929-9294361,0,0,0
929-9294370,0,0,0
929-9294404,0,0,0
929-9294439,0,0,0
929-9294441,0,0,0
929-9294654,0,0,0
929-9294800,9,5,14
929-9294802,0,0,0
929-9294818,0,0,0
929-9296905,54,36,90
929-9296906,94,91,185
929-9297003,2,11,13
929-9297010,3,2,5
929-9297012,0,3,3
929-9297018,0,5,5
929-9297021,3,12,15
929-9297022,2,3,5
929-9297023,0,0,0
931-9311106,0,1,1
931-9312000,13,14,27
931-9312001,5,6,11
931-9312002,23,22,45
931-9312003,22,27,49
931-9312004,16,14,30
931-9312005,17,22,39
931-9312006,20,22,42
931-9312007,9,12,21
931-9312008,16,29,45
931-9312009,22,18,40
931-9312010,21,30,51
931-9312012,0,0,0
931-9312013,19,39,58
931-9312015,22,30,52
931-9312016,21,28,49
931-9312017,0,0,0
931-9312019,3,11,14
931-9312020,23,21,44
931-9312021,16,23,39
931-9312053,21,31,52
931-9312055,42,18,60
931-9312056,31,38,69
931-9312057,30,25,55
931-9312058,19,19,38
931-9312060,14,16,30
931-9312100,18,14,32
931-9312103,9,7,16
931-9312104,9,5,14
931-9312106,16,14,30
931-9312151,7,6,13
931-9312200,22,20,42
931-9312202,24,15,39
931-9312207,23,21,44
931-9312208,7,11,18
931-9312210,27,26,53
931-9312211,38,33,71
931-9312250,8,9,17
931-9312251,7,7,14
931-9312252,14,17,31
931-9312254,25,19,44
931-9312255,14,19,33
931-9312302,17,16,33
931-9312303,11,17,28
931-9312304,15,15,30
931-9312352,26,33,59
931-9312353,8,7,15
931-9312354,19,22,41
931-9312357,23,16,39
931-9312401,16,15,31
931-9312450,9,14,23
931-9312452,10,13,23
931-9312455,4,8,12
931-9312456,7,8,15
931-9312459,20,17,37
931-9312463,31,29,60
931-9312465,13,10,23
931-9312504,7,9,16
931-9312506,24,25,49
931-9312507,6,0,6
931-9312510,18,10,28
931-9312512,17,11,28
931-9312513,4,6,10
931-9312525,18,21,39
931-9312527,43,50,93
931-9312531,26,21,47
931-9312533,12,17,29
931-9312534,11,16,27
931-9312543,26,32,58
931-9312555,12,14,26
931-9312560,9,12,21
931-9312562,35,44,79
931-9312563,10,14,24
931-9312565,7,3,10
931-9312566,9,12,21
931-9312567,9,20,29
931-9312569,26,29,55
931-9312572,22,27,49
931-9312573,36,21,57
931-9312574,28,30,58
931-9312578,24,35,59
931-9312583,19,10,29
931-9312587,16,13,29
931-9312589,27,29,56
931-9312590,15,16,31
931-9312591,29,25,54
931-9312593,31,29,60
931-9312594,28,29,57
931-9312595,26,23,49
931-9312596,19,22,41
931-9312597,30,33,63
931-9312598,14,9,23
931-9312601,22,21,43
931-9312602,11,21,32
931-9312605,22,15,37
931-9312607,17,19,36
931-9312608,27,31,58
931-9312609,27,33,60
931-9312610,33,35,68
931-9312613,29,23,52
931-9313000,9,13,22
931-9313004,6,11,17
931-9313005,9,8,17
931-9313022,11,12,23
931-9313040,7,5,12
931-9313043,3,9,12
931-9313044,21,9,30
931-9313064,31,23,54
931-9313065,7,6,13
931-9313081,3,10,13
931-9313082,10,9,19
931-9313083,6,10,16
931-9313085,7,9,16
931-9313090,1,0,1
931-9313100,13,4,17
931-9313120,10,10,20
931-9313122,14,16,30
931-9313123,8,5,13
931-9313124,3,9,12
931-9313125,4,5,9
931-9313127,11,14,25
931-9313128,15,15,30
931-9313130,5,6,11
931-9313131,18,5,23
931-9313141,5,6,11
931-9313142,11,6,17
931-9313144,7,6,13
931-9313145,31,15,46
931-9313146,6,8,14
931-9313147,14,15,29
931-9313161,11,11,22
931-9313167,13,18,31
931-9313180,8,6,14
931-9313181,8,13,21
931-9313182,19,13,32
931-9313183,2,4,6
931-9313184,7,5,12
931-9313186,6,6,12
931-9313187,8,13,21
931-9313188,2,9,11
931-9313190,4,0,4
931-9313200,14,18,32
931-9313205,6,7,13
931-9313206,3,7,10
931-9313208,7,14,21
931-9313210,28,29,57
931-9313211,14,16,30
931-9313213,11,12,23
931-9313216,13,16,29
931-9313221,5,6,11
931-9313222,7,8,15
931-9313223,19,12,31
931-9313224,6,5,11
931-9313225,7,7,14
931-9313228,7,6,13
931-9313230,11,15,26
931-9313231,2,6,8
931-9313232,13,6,19
931-9313233,5,4,9
931-9313234,5,6,11
931-9313235,8,8,16
931-9313237,12,16,28
931-9313238,9,5,14
931-9313239,19,6,25
931-9313240,11,17,28
931-9313241,8,10,18
931-9313242,7,3,10
931-9313243,8,8,16
931-9313246,33,20,53
931-9313247,25,34,59
931-9313248,14,11,25
931-9313249,15,14,29
931-9313250,12,5,17
931-9313251,10,5,15
931-9313253,16,23,39
931-9313254,20,16,36
931-9313256,9,10,19
931-9313257,24,27,51
931-9313258,22,18,40
931-9313260,4,5,9
931-9313262,22,28,50
931-9313302,6,7,13
931-9313350,18,21,39
931-9313351,25,32,57
931-9313408,12,3,15
931-9313420,10,18,28
931-9313452,11,16,27
931-9313453,12,17,29
931-9313500,6,2,8
931-9313505,20,19,39
931-9313555,8,17,25
931-9313556,9,10,19
931-9313600,29,32,61
931-9313605,31,29,60
931-9313651,7,4,11
931-9313655,8,6,14
931-9313657,5,4,9
931-9313752,4,3,7
931-9313755,1,6,7
931-9313760,6,9,15
931-9313801,4,11,15
931-9313803,12,25,37
931-9313807,13,13,26
931-9313810,18,11,29
931-9313820,17,7,24
931-9313822,14,14,28
931-9313823,6,21,27
931-9313824,11,16,27
931-9313825,11,12,23
931-9313826,18,10,28
931-9313828,10,18,28
931-9313832,7,15,22
931-9313833,24,29,53
931-9313834,25,31,56
931-9313835,19,39,58
931-9313836,19,23,42
931-9313837,36,23,59
931-9313838,23,35,58
931-9313839,18,11,29
931-9313842,10,16,26
931-9313850,11,17,28
931-9313851,5,8,13
931-9313852,23,21,44
931-9313853,7,4,11
931-9313854,3,11,14
931-9313855,11,8,19
931-9313856,14,14,28
931-9313858,21,20,41
931-9313859,26,30,56
931-9313861,18,42,60
931-9313912,11,19,30
931-9314002,28,28,56
931-9314003,13,23,36
931-9314145,17,16,33
931-9315200,2,7,9
931-9316105,0,0,0
931-9316125,0,0,0
931-9317000,3,7,10
931-9317002,0,1,1
931-9317003,0,0,0
931-9317005,0,2,2
931-9317010,2,7,9
931-9317011,5,5,10
931-9317012,1,3,4
931-9317016,2,10,12
931-9317017,0,0,0
931-9317018,0,0,0
931-9317020,2,4,6
931-9317027,4,8,12
931-9317029,2,1,3
931-9317030,2,2,4
933-9331109,0,0,0
933-9331112,0,0,0
933-9331114,0,0,0
933-9331115,0,1,1
933-9332000,39,24,63
933-9332001,1,3,4
933-9332002,28,21,49
933-9332003,27,29,56
933-9332004,22,24,46
933-9332005,25,22,47
933-9332006,14,9,23
933-9332007,34,43,77
933-9332008,14,18,32
933-9332010,11,11,22
933-9332012,14,9,23
933-9332013,16,10,26
933-9332014,9,11,20
933-9332015,1,3,4
933-9332016,0,0,0
933-9332017,0,0,0
933-9332018,16,11,27
933-9332019,3,6,9
933-9332020,6,6,12
933-9332024,17,5,22
933-9332025,0,0,0
933-9332026,0,0,0
933-9332027,22,31,53
933-9332029,15,11,26
933-9332030,2,5,7
933-9332032,8,15,23
933-9332034,13,10,23
933-9332038,9,11,20
933-9332041,16,7,23
933-9332045,11,12,23
933-9332047,14,12,26
933-9332057,2,1,3
933-9332059,11,8,19
933-9332067,4,2,6
933-9332068,35,36,71
933-9332070,13,17,30
933-9332081,35,22,57
933-9332082,5,3,8
933-9332085,8,9,17
933-9332102,12,12,24
933-9332110,17,12,29
933-9332113,26,39,65
933-9332150,9,13,22
933-9332152,36,25,61
933-9332166,17,11,28
933-9332169,5,4,9
933-9332172,2,2,4
933-9332175,9,7,16
933-9332177,4,6,10
933-9332178,5,6,11
933-9332179,1,5,6
933-9332180,15,9,24
933-9332182,24,34,58
933-9332184,2,9,11
933-9332185,12,4,16
933-9332200,14,19,33
933-9332203,3,4,7
933-9332205,8,7,15
933-9332206,10,11,21
933-9332211,1,4,5
933-9332212,4,6,10
933-9332216,35,28,63
933-9332221,19,29,48
933-9332224,23,24,47
933-9332226,8,14,22
933-9332227,16,20,36
933-9332228,34,27,61
933-9332229,25,19,44
933-9332300,1,3,4
933-9332302,17,23,40
933-9332306,23,15,38
933-9332309,27,33,60
933-9332310,52,48,100
933-9332319,39,36,75
933-9332320,26,26,52
933-9332325,36,26,62
933-9332327,17,21,38
933-9332329,36,28,64
933-9332330,15,18,33
933-9332331,14,13,27
933-9332332,21,21,42
933-9332333,26,22,48
933-9332334,23,13,36
933-9332335,31,28,59
933-9333001,4,1,5
933-9333003,4,3,7
933-9333017,7,9,16
933-9333020,3,9,12
933-9333029,10,11,21
933-9333039,8,4,12
933-9333040,11,9,20
933-9333041,21,16,37
933-9333047,7,9,16
933-9333061,14,5,19
933-9333062,7,14,21
933-9333065,3,13,16
933-9333076,3,3,6
933-9333084,5,7,12
933-9333085,7,12,19
933-9333098,5,1,6
933-9333101,5,4,9
933-9333105,8,9,17
933-9333110,7,14,21
933-9333114,19,27,46
933-9333119,9,6,15
933-9333121,14,16,30
933-9333129,15,13,28
933-9333132,40,35,75
933-9333151,34,26,60
933-9333152,45,35,80
933-9333154,10,16,26
933-9333158,10,15,25
933-9333159,8,4,12
933-9333178,14,22,36
933-9333179,3,6,9
933-9333180,13,3,16
933-9333181,5,2,7
933-9333182,11,10,21
933-9333184,7,16,23
933-9333186,17,13,30
933-9333189,15,13,28
933-9333190,6,7,13
933-9333191,13,21,34
933-9333195,22,22,44
933-9333226,10,14,24
933-9333227,12,12,24
933-9333276,10,10,20
933-9333277,15,8,23
933-9333281,11,8,19
933-9333283,25,33,58
933-9333284,2,8,10
933-9333285,5,6,11
933-9333286,8,20,28
933-9333290,6,11,17
933-9333305,10,13,23
933-9333307,15,8,23
933-9333311,1,12,13
933-9333313,6,4,10
933-9333322,24,25,49
933-9333329,13,8,21
933-9333331,6,7,13
933-9333353,19,20,39
933-9333356,6,4,10
933-9333358,10,16,26
933-9333361,10,12,22
933-9333371,18,14,32
933-9333401,14,17,31
933-9333402,10,23,33
933-9333436,14,14,28
933-9333437,16,21,37
933-9333438,19,14,33
933-9333439,35,28,63
933-9333485,9,8,17
933-9333486,9,13,22
933-9333487,15,17,32
933-9333488,9,8,17
933-9333489,37,24,61
933-9333492,14,15,29
933-9333493,12,17,29
933-9333494,24,38,62
933-9334001,38,48,86
933-9334002,7,21,28
933-9334257,0,0,0
933-9334277,20,10,30
933-9334287,0,0,0
933-9334288,0,0,0
933-9334290,0,0,0
933-9334410,0,0,0
933-9334552,0,0,0
933-9334553,0,0,0
933-9334584,0,0,0
933-9335200,18,16,34
933-9335201,10,17,27
933-9335202,6,5,11
933-9335203,8,12,20
933-9336089,0,0,0
933-9337000,0,2,2
933-9337006,0,0,0
933-9337007,1,3,4
933-9337013,3,5,8
933-9337014,1,6,7
933-9337016,0,4,4
933-9337019,0,2,2
935-9351104,0,0,0
935-9351109,0,1,1
935-9351110,0,0,0
935-9351111,0,2,2
935-9351113,0,0,0
935-9351114,0,0,0
935-9352000,10,15,25
935-9352001,43,47,90
935-9352002,4,10,14
935-9352003,24,19,43
935-9352006,17,14,31
935-9352007,14,17,31
935-9352009,17,19,36
935-9352010,29,29,58
935-9352011,20,10,30
935-9352012,5,4,9
935-9352013,26,20,46
935-9352014,33,23,56
935-9352015,5,10,15
935-9352016,0,0,0
935-9352017,53,45,98
935-9352019,12,12,24
935-9352020,16,14,30
935-9352021,15,15,30
935-9352022,16,14,30
935-9352025,30,16,46
935-9352026,17,15,32
935-9352027,33,49,82
935-9352030,10,12,22
935-9352031,10,12,22
935-9352032,27,29,56
935-9352034,31,21,52
935-9352035,7,21,28
935-9352036,32,24,56
935-9352037,26,24,50
935-9352038,16,21,37
935-9352040,27,18,45
935-9352042,47,42,89
935-9352043,25,16,41
935-9352045,17,20,37
935-9352047,14,15,29
935-9352049,12,17,29
935-9352050,31,45,76
935-9352051,13,10,23
935-9352052,19,11,30
935-9352053,31,29,60
935-9352054,13,16,29
935-9352055,20,10,30
935-9352056,7,16,23
935-9352057,25,25,50
935-9352058,9,12,21
935-9352059,31,28,59
935-9352060,13,15,28
935-9352063,30,29,59
935-9352065,32,22,54
935-9352066,10,6,16
935-9352067,18,16,34
935-9352068,23,37,60
935-9352069,28,30,58
935-9352070,24,28,52
935-9352071,5,7,12
935-9352072,5,7,12
935-9352073,2,4,6
935-9352074,29,29,58
935-9352078,24,22,46
935-9352079,20,8,28
935-9352080,16,17,33
935-9352081,4,6,10
935-9352083,7,8,15
935-9352084,11,14,25
935-9352085,3,6,9
935-9352086,3,9,12
935-9352087,5,1,6
935-9352088,7,7,14
935-9352089,45,43,88
935-9352090,7,4,11
935-9352091,20,16,36
935-9352092,5,10,15
935-9352093,21,20,41
935-9352095,14,10,24
935-9352096,4,4,8
935-9352097,8,6,14
935-9352098,7,3,10
935-9352099,16,14,30
935-9352100,4,5,9
935-9352101,5,5,10
935-9352103,27,25,52
935-9352104,22,21,43
935-9352105,7,5,12
935-9352106,15,26,41
935-9352107,5,14,19
935-9352108,1,4,5
935-9352109,5,5,10
935-9352110,8,7,15
935-9352113,26,23,49
935-9352114,17,10,27
935-9352116,5,7,12
935-9352117,26,26,52
935-9352118,12,19,31
935-9352120,7,9,16
935-9352121,6,8,14
935-9352122,5,7,12
935-9352123,8,10,18
935-9352124,11,4,15
935-9352125,13,17,30
935-9352126,8,7,15
935-9352129,14,15,29
935-9352131,42,46,88
935-9352132,26,41,67
935-9352133,11,15,26
935-9352134,16,14,30
935-9352135,31,29,60
935-9352136,13,8,21
935-9352137,13,18,31
935-9352138,30,30,60
935-9352141,29,37,66
935-9352145,27,33,60
935-9352147,38,35,73
935-9352150,10,3,13
935-9352152,31,29,60
935-9352154,24,18,42
935-9352155,8,9,17
935-9352157,13,16,29
935-9352158,21,38,59
935-9352159,29,23,52
935-9352162,20,31,51
935-9352165,47,42,89
935-9352166,20,37,57
935-9352167,25,20,45
935-9352171,44,43,87
935-9352176,43,46,89
935-9352184,24,35,59
935-9352185,20,25,45
935-9352186,37,23,60
935-9352187,7,7,14
935-9352188,22,25,47
935-9352194,48,41,89
935-9352197,8,6,14
935-9352198,29,25,54
935-9352199,18,27,45
935-9352200,10,9,19
935-9352201,16,11,27
935-9352202,18,13,31
935-9352203,11,6,17
935-9352204,4,8,12
935-9352205,9,7,16
935-9352206,9,6,15
935-9352207,4,4,8
935-9352208,5,6,11
935-9352209,31,27,58
935-9352211,26,20,46
935-9352212,0,0,0
935-9352213,0,0,0
935-9352916,28,28,56
935-9352918,4,5,9
935-9352919,10,20,30
935-9352921,22,17,39
935-9352922,34,48,82
935-9352923,17,27,44
935-9352924,14,16,30
935-9352925,24,36,60
935-9352927,19,29,48
935-9352928,2,9,11
935-9352929,27,33,60
935-9352931,5,4,9
935-9353000,10,11,21
935-9353002,7,3,10
935-9353003,18,8,26
935-9353004,2,9,11
935-9353006,15,15,30
935-9353009,10,12,22
935-9353010,4,7,11
935-9353013,4,2,6
935-9353020,5,4,9
935-9353025,12,18,30
935-9353026,7,10,17
935-9353027,12,13,25
935-9353028,12,12,24
935-9353036,5,14,19
935-9353037,8,5,13
935-9353042,6,4,10
935-9353043,13,12,25
935-9353048,9,14,23
935-9353049,21,9,30
935-9353054,11,11,22
935-9353056,18,11,29
935-9353062,17,14,31
935-9353064,7,10,17
935-9353066,1,2,3
935-9353074,5,4,9
935-9353075,3,4,7
935-9353076,4,10,14
935-9353078,16,14,30
935-9353081,3,1,4
935-9353083,11,5,16
935-9353084,3,8,11
935-9353085,18,12,30
935-9353089,10,10,20
935-9353090,8,10,18
935-9353091,3,7,10
935-9353092,5,9,14
935-9353093,13,11,24
935-9353096,13,13,26
935-9353097,10,4,14
935-9353098,8,7,15
935-9353099,8,7,15
935-9353101,4,7,11
935-9353102,6,5,11
935-9353103,2,1,3
935-9353104,5,8,13
935-9353105,8,5,13
935-9353108,1,4,5
935-9353109,6,4,10
935-9353111,27,31,58
935-9353112,25,12,37
935-9353113,3,1,4
935-9353114,18,11,29
935-9353115,4,10,14
935-9353116,8,10,18
935-9353117,5,4,9
935-9353124,14,21,35
935-9353125,15,12,27
935-9353302,16,15,31
935-9353305,18,12,30
935-9353308,21,24,45
935-9353310,10,7,17
935-9353311,26,31,57
935-9353312,7,5,12
935-9353314,30,28,58
935-9353318,22,23,45
935-9353320,21,22,43
935-9353322,4,10,14
935-9353323,16,13,29
935-9353327,13,11,24
935-9353328,14,17,31
935-9353329,15,15,30
935-9353330,25,15,40
935-9353331,4,7,11
935-9353332,7,5,12
935-9353335,15,16,31
935-9353337,19,11,30
935-9353338,30,27,57
935-9353339,30,30,60
935-9353340,12,18,30
935-9353341,13,16,29
935-9353342,17,14,31
935-9353343,23,37,60
935-9353344,25,29,54
935-9353345,46,36,82
935-9353346,23,25,48
935-9354029,0,0,0
935-9354030,0,0,0
935-9356036,0,0,0
935-9356044,0,0,0
935-9357000,1,4,5
935-9357001,7,7,14
935-9357002,0,4,4
935-9357003,4,8,12
935-9357004,5,10,15
935-9357006,2,3,5
935-9357008,2,5,7
935-9357009,1,0,1
935-9357011,0,2,2
935-9357013,0,0,0
936-9361100,0,0,0
936-9361107,0,0,0
936-9361120,0,0,0
936-9361121,0,0,0
936-9361127,0,0,0
936-9362004,13,17,30
936-9362006,9,14,23
936-9362008,12,18,30
936-9362010,36,36,72
936-9362011,19,28,47
936-9362012,17,13,30
936-9362013,28,28,56
936-9362014,41,46,87
936-9362016,14,14,28
936-9362017,10,12,22
936-9362018,11,18,29
936-9362019,12,17,29
936-9362020,7,12,19
936-9362021,30,27,57
936-9362022,44,35,79
936-9362023,12,16,28
936-9362024,31,21,52
936-9362026,11,17,28
936-9362027,23,22,45
936-9362028,34,25,59
936-9362029,24,17,41
936-9362030,0,0,0
936-9362031,16,14,30
936-9362032,16,16,32
936-9362033,13,18,31
936-9362034,22,27,49
936-9362035,20,21,41
936-9362036,6,17,23
936-9362050,21,32,53
936-9362056,8,6,14
936-9362058,43,48,91
936-9362072,27,35,62
936-9362079,25,34,59
936-9362083,0,0,0
936-9362085,43,46,89
936-9362090,38,51,89
936-9362092,65,62,127
936-9362095,8,16,24
936-9362100,44,44,88
936-9362102,46,48,94
936-9362124,13,18,31
936-9362136,26,23,49
936-9362137,43,25,68
936-9362156,12,16,28
936-9362211,1,19,20
936-9362214,12,18,30
936-9362253,15,16,31
936-9362271,13,15,28
936-9362274,54,32,86
936-9362275,15,13,28
936-9362288,24,20,44
936-9362297,55,61,116
936-9362309,24,40,64
936-9362311,37,54,91
936-9362313,41,55,96
936-9362335,24,36,60
936-9362336,48,54,102
936-9362341,29,59,88
936-9362343,49,41,90
936-9362349,47,30,77
936-9362350,32,28,60
936-9362355,41,22,63
936-9362361,10,14,24
936-9362374,37,53,90
936-9362375,12,17,29
936-9362376,16,14,30
936-9362385,32,28,60
936-9362391,22,33,55
936-9362394,11,17,28
936-9362400,36,24,60
936-9362403,23,38,61
936-9362427,33,31,64
936-9362428,33,31,64
936-9362430,30,29,59
936-9362435,11,19,30
936-9362436,83,72,155
936-9362440,54,62,116
936-9362446,32,28,60
936-9362453,50,65,115
936-9362454,29,23,52
936-9362457,70,80,150
936-9362467,19,8,27
936-9362468,29,31,60
936-9362476,33,30,63
936-9362478,43,52,95
936-9362479,65,71,136
936-9362484,61,37,98
936-9362491,30,30,60
936-9362492,13,13,26
936-9362496,42,40,82
936-9362873,12,18,30
936-9362880,44,40,84
936-9362907,35,34,69
936-9362908,38,43,81
936-9362918,32,43,75
936-9362925,33,26,59
936-9362926,9,20,29
936-9362928,17,17,34
936-9362929,37,44,81
936-9362931,53,63,116
936-9362932,28,32,60
936-9362933,13,17,30
936-9362937,34,26,60
936-9362940,13,12,25
936-9362941,27,28,55
936-9362942,28,32,60
936-9362943,42,48,90
936-9362946,12,16,28
936-9362947,25,34,59
936-9362948,32,28,60
936-9362949,26,23,49
936-9362950,45,41,86
936-9362951,34,26,60
936-9362953,29,27,56
936-9362954,23,30,53
936-9362955,38,25,63
936-9362956,26,27,53
936-9362957,28,31,59
936-9362959,30,18,48
936-9362960,18,35,53
936-9362961,13,14,27
936-9362963,30,27,57
936-9362964,28,31,59
936-9363012,32,25,57
936-9363014,25,34,59
936-9363016,30,30,60
936-9363019,45,40,85
936-9363022,12,20,32
936-9363031,4,4,8
936-9363042,29,23,52
936-9363044,13,16,29
936-9363049,33,45,78
936-9363050,12,17,29
936-9363054,23,31,54
936-9363059,27,34,61
936-9363062,27,32,59
936-9363064,31,29,60
936-9363065,14,13,27
936-9363313,33,41,74
936-9363318,11,18,29
936-9363327,28,31,59
936-9363331,35,46,81
936-9363333,14,12,26
936-9363335,18,12,30
936-9363337,27,27,54
936-9363341,33,37,70
936-9363343,24,24,48
936-9363345,25,39,64
936-9363349,6,5,11
936-9363350,28,32,60
936-9363351,14,16,30
936-9363353,49,40,89
936-9363376,15,15,30
936-9363380,48,41,89
936-9363387,21,28,49
936-9363415,35,36,71
936-9363416,43,47,90
936-9363417,20,11,31
936-9363421,28,28,56
936-9363422,12,15,27
936-9363423,31,29,60
936-9363424,30,34,64
936-9363439,12,12,24
936-9363441,13,17,30
936-9363443,16,16,32
936-9363446,28,33,61
936-9363458,32,26,58
936-9363459,31,29,60
936-9363461,16,15,31
936-9363462,14,17,31
936-9363468,30,28,58
936-9363469,32,28,60
936-9363470,14,18,32
936-9363475,12,12,24
936-9363488,13,18,31
936-9363580,31,28,59
936-9363581,28,31,59
936-9363583,48,48,96
936-9363587,83,64,147
936-9363915,26,34,60
936-9363916,26,33,59
936-9363917,30,31,61
936-9363918,12,18,30
936-9363919,32,25,57
936-9363920,45,44,89
936-9363921,15,15,30
936-9363922,46,40,86
936-9363924,36,24,60
936-9363930,32,28,60
936-9363931,14,16,30
936-9363932,41,48,89
936-9363933,33,31,64
936-9363934,27,33,60
936-9363935,22,21,43
936-9363936,38,38,76
936-9363937,9,20,29
936-9363939,19,25,44
936-9363940,28,25,53
936-9363941,24,34,58
936-9363942,28,22,50
936-9363943,37,41,78
936-9363944,33,24,57
936-9364623,16,16,32
936-9365202,0,0,0
936-9365206,41,55,96
936-9365207,43,47,90
936-9365209,21,39,60
936-9365210,31,29,60
936-9365211,23,27,50
936-9365212,41,39,80
936-9365214,31,31,62
936-9365215,31,28,59
936-9365216,34,34,68
936-9365217,29,31,60
936-9365218,12,18,30
936-9365219,15,14,29
936-9365220,26,27,53
936-9365221,90,90,180
936-9365222,15,17,32
936-9366046,0,0,0
936-9366091,0,0,0
936-9366539,0,0,0
936-9366552,0,0,0
936-9366585,0,0,0
936-9367003,6,7,13
936-9367005,0,1,1
936-9367007,0,0,0
936-9367010,0,5,5
936-9367011,1,3,4
936-9367012,0,0,0
936-9367024,0,0,0
936-9367025,0,0,0
936-9367035,0,10,10
936-9367042,1,7,8
936-9367048,2,4,6
936-9367050,3,3,6
936-9367051,4,7,11
936-9367053,3,6,9
936-9367056,1,4,5
936-9367060,1,10,11
936-9367062,1,9,10
936-9367063,4,8,12
936-9367067,0,0,0
936-9367069,0,0,0
937-9372000,4,5,9
937-9372001,9,14,23
937-9372003,19,27,46
937-9372006,13,20,33
937-9372008,25,32,57
937-9372010,14,17,31
937-9372011,15,18,33
937-9372012,19,12,31
937-9372014,14,9,23
937-9372015,24,24,48
937-9372017,6,16,22
937-9372019,12,19,31
937-9372021,16,15,31
937-9372022,26,39,65
937-9372023,11,4,15
937-9372024,3,7,10
937-9372025,32,33,65
937-9372026,30,23,53
937-9372027,23,26,49
937-9372028,60,68,128
937-9372032,14,17,31
937-9372033,17,17,34
937-9372034,15,15,30
937-9372035,18,11,29
937-9372038,0,0,0
937-9372039,15,23,38
937-9372041,15,14,29
937-9372042,18,14,32
937-9372043,11,15,26
937-9372046,4,11,15
937-9372049,6,8,14
937-9372052,33,24,57
937-9372053,26,26,52
937-9372056,0,0,0
937-9372058,12,21,33
937-9372059,13,11,24
937-9372064,1,4,5
937-9372083,27,32,59
937-9372121,50,45,95
937-9372308,17,15,32
937-9372309,35,30,65
937-9372312,11,15,26
937-9372315,40,49,89
937-9372322,12,17,29
937-9372324,11,5,16
937-9372325,35,33,68
937-9372330,26,31,57
937-9372405,29,29,58
937-9372415,18,13,31
937-9372417,30,24,54
937-9372421,36,30,66
937-9372502,5,11,16
937-9372571,23,18,41
937-9372581,49,39,88
937-9372590,65,55,120
937-9372601,39,39,78
937-9372603,20,13,33
937-9372605,17,14,31
937-9372606,26,21,47
937-9372610,0,3,3
937-9372618,23,32,55
937-9372619,35,28,63
937-9372620,15,15,30
937-9372621,13,19,32
937-9372622,33,25,58
937-9372623,39,56,95
937-9372624,23,23,46
937-9372625,31,33,64
937-9372626,18,12,30
937-9372628,18,12,30
937-9372629,41,49,90
937-9372631,31,30,61
937-9372632,32,16,48
937-9372633,20,12,32
937-9372634,20,25,45
937-9372637,13,14,27
937-9372638,10,7,17
937-9372639,8,4,12
937-9372640,34,25,59
937-9372642,14,10,24
937-9373002,18,11,29
937-9373007,8,4,12
937-9373011,17,28,45
937-9373014,3,7,10
937-9373021,8,9,17
937-9373024,14,16,30
937-9373031,4,8,12
937-9373032,18,13,31
937-9373035,6,9,15
937-9373040,1,1,2
937-9373041,10,7,17
937-9373047,4,7,11
937-9373056,6,4,10
937-9373057,8,6,14
937-9373066,8,7,15
937-9373068,9,12,21
937-9373072,11,12,23
937-9373073,23,22,45
937-9373074,9,13,22
937-9373101,14,14,28
937-9373106,29,36,65
937-9373141,15,16,31
937-9373143,10,5,15
937-9373144,12,18,30
937-9373146,25,35,60
937-9373147,11,13,24
937-9373152,18,14,32
937-9373154,24,28,52
937-9373157,39,48,87
937-9373177,18,16,34
937-9373192,14,11,25
937-9373193,16,14,30
937-9373204,24,35,59
937-9373205,61,44,105
937-9373207,15,16,31
937-9373210,14,12,26
937-9373211,6,11,17
937-9373212,13,16,29
937-9373213,16,13,29
937-9373214,8,3,11
937-9373215,7,13,20
937-9373216,13,12,25
937-9373302,41,49,90
937-9373308,10,18,28
937-9373311,18,12,30
937-9373313,5,4,9
937-9373371,16,24,40
937-9373391,24,42,66
937-9373500,4,6,10
937-9373501,7,13,20
937-9373502,14,14,28
937-9373503,16,14,30
937-9373505,8,5,13
937-9373506,17,14,31
937-9373507,16,18,34
937-9373508,2,10,12
937-9373541,15,13,28
937-9373542,11,4,15
937-9373543,12,9,21
937-9373544,15,13,28
937-9373545,8,9,17
937-9373546,13,14,27
937-9373547,11,18,29
937-9373561,6,10,16
937-9373564,16,17,33
937-9373584,38,30,68
937-9373585,13,13,26
937-9373586,29,29,58
937-9373587,18,4,22
937-9373588,12,9,21
937-9373589,16,11,27
937-9373590,17,15,32
937-9373591,23,22,45
937-9373592,32,28,60
937-9373593,24,21,45
937-9373594,27,33,60
937-9373595,26,35,61
937-9373596,20,15,35
937-9373597,22,21,43
937-9373598,25,33,58
937-9374190,0,0,0
937-9375200,4,0,4
937-9375201,8,4,12
937-9375202,24,28,52
937-9375203,5,8,13
937-9375205,8,7,15
937-9375206,28,30,58
937-9375207,31,23,54
937-9376109,0,0,0
937-9377000,1,3,4
937-9377002,5,13,18
937-9377003,0,0,0
937-9377006,0,0,0
937-9377020,0,0,0
937-9377023,7,15,22
937-9377028,6,15,21
937-9377044,6,9,15
937-9377047,3,8,11
938-9380611,0,0,0
938-9381109,0,0,0
938-9381110,0,1,1
938-9382000,17,13,30
938-9382001,22,24,46
938-9382003,18,11,29
938-9382004,40,45,85
938-9382005,27,34,61
938-9382006,12,17,29
938-9382007,47,43,90
938-9382008,60,54,114
938-9382009,15,15,30
938-9382010,23,19,42
938-9382011,19,13,32
938-9382015,7,13,20
938-9382016,46,41,87
938-9382017,34,49,83
938-9382018,13,17,30
938-9382019,31,29,60
938-9382020,34,24,58
938-9382021,0,0,0
938-9382023,17,11,28
938-9382024,32,33,65
938-9382025,14,17,31
938-9382026,41,45,86
938-9382027,18,34,52
938-9382028,6,9,15
938-9382030,7,5,12
938-9382036,12,35,47
938-9382038,11,9,20
938-9382041,19,21,40
938-9382042,25,32,57
938-9382046,15,14,29
938-9382047,23,33,56
938-9382048,7,7,14
938-9382049,16,17,33
938-9382050,19,12,31
938-9382051,13,17,30
938-9382052,8,5,13
938-9382053,24,38,62
938-9382058,12,6,18
938-9382066,3,7,10
938-9382069,6,9,15
938-9382070,24,21,45
938-9382071,19,11,30
938-9382072,15,14,29
938-9382073,14,14,28
938-9382075,20,23,43
938-9382077,23,34,57
938-9382082,51,40,91
938-9382085,70,53,123
938-9382093,21,9,30
938-9382101,9,16,25
938-9382102,24,35,59
938-9382108,12,10,22
938-9382110,33,27,60
938-9382112,14,17,31
938-9382124,32,25,57
938-9382131,13,19,32
938-9382133,37,23,60
938-9382134,53,67,120
938-9382138,15,26,41
938-9382139,36,47,83
938-9382140,15,15,30
938-9382153,46,43,89
938-9382161,52,62,114
938-9382166,11,14,25
938-9382172,30,30,60
938-9382173,30,29,59
938-9382176,41,48,89
938-9382182,24,34,58
938-9382185,28,34,62
938-9382186,24,25,49
938-9382188,25,35,60
938-9382194,15,15,30
938-9382198,18,12,30
938-9382200,14,6,20
938-9382201,32,29,61
938-9382202,25,33,58
938-9382205,12,18,30
938-9382209,4,3,7
938-9382210,30,28,58
938-9382212,35,26,61
938-9382213,49,40,89
938-9382215,44,41,85
938-9382219,23,26,49
938-9382220,27,32,59
938-9382221,17,12,29
938-9382223,24,22,46
938-9382225,29,31,60
938-9382227,6,6,12
938-9382229,40,39,79
938-9382230,17,14,31
938-9382232,74,103,177
938-9382233,11,16,27
938-9382235,10,10,20
938-9382237,33,27,60
938-9382239,92,72,164
938-9382241,25,20,45
938-9382242,22,20,42
938-9382243,33,27,60
938-9382244,26,21,47
938-9382246,22,26,48
938-9382247,13,14,27
938-9382249,15,14,29
938-9382250,38,22,60
938-9382252,46,44,90
938-9382255,77,73,150
938-9382257,45,42,87
938-9382259,15,16,31
938-9383000,7,5,12
938-9383001,19,10,29
938-9383002,9,12,21
938-9383003,14,14,28
938-9383004,6,7,13
938-9383006,14,16,30
938-9383007,7,5,12
938-9383009,5,7,12
938-9383010,11,5,16
938-9383013,8,9,17
938-9383014,4,4,8
938-9383016,10,14,24
938-9383017,17,13,30
938-9383018,7,8,15
938-9383020,9,7,16
938-9383021,6,9,15
938-9383022,5,2,7
938-9383023,15,14,29
938-9383024,6,9,15
938-9383026,15,20,35
938-9383027,4,5,9
938-9383028,2,5,7
938-9383029,9,5,14
938-9383030,4,4,8
938-9383031,10,11,21
938-9383033,27,34,61
938-9383036,14,14,28
938-9383037,13,17,30
938-9383038,8,6,14
938-9383039,7,10,17
938-9383040,29,17,46
938-9383042,6,5,11
938-9383043,18,12,30
938-9383045,5,9,14
938-9383050,8,4,12
938-9383051,9,11,20
938-9383052,7,8,15
938-9383055,6,11,17
938-9383056,10,8,18
938-9383057,6,5,11
938-9383058,8,2,10
938-9383059,28,27,55
938-9383060,13,13,26
938-9383061,8,7,15
938-9383062,35,55,90
938-9383063,3,7,10
938-9383300,29,43,72
938-9383301,10,20,30
938-9383302,9,3,12
938-9383303,40,40,80
938-9383304,2,5,7
938-9383308,8,7,15
938-9383309,10,6,16
938-9383312,42,48,90
938-9383313,1,12,13
938-9383314,26,27,53
938-9383315,16,14,30
938-9383317,8,9,17
938-9383321,15,15,30
938-9383324,31,31,62
938-9383326,33,24,57
938-9383327,15,10,25
938-9383328,14,15,29
938-9383329,28,17,45
938-9383330,23,22,45
938-9383331,17,12,29
938-9383332,16,16,32
938-9383333,14,17,31
938-9383335,27,31,58
938-9383338,25,20,45
938-9383339,27,35,62
938-9383340,30,29,59
938-9383341,20,10,30
938-9383342,17,30,47
938-9383343,33,26,59
938-9383345,13,17,30
938-9383349,14,14,28
938-9383350,17,26,43
938-9383351,19,11,30
938-9383352,34,25,59
938-9383353,11,7,18
938-9383354,45,47,92
938-9383355,28,32,60
938-9383356,14,15,29
938-9383357,26,34,60
938-9383358,24,35,59
938-9383361,31,44,75
938-9383363,48,40,88
938-9383364,24,35,59
938-9383365,31,31,62
938-9383366,26,16,42
938-9383367,36,36,72
938-9383368,27,33,60
938-9383370,33,27,60
938-9383372,27,32,59
938-9383374,42,47,89
938-9383375,38,36,74
938-9383376,42,45,87
938-9384006,35,25,60
938-9384011,0,0,0
938-9384501,0,0,0
938-9385200,41,54,95
938-9387003,0,2,2
938-9387004,1,15,16
938-9387005,0,6,6
938-9387008,4,15,19
938-9387009,1,2,3
938-9387011,8,21,29
938-9387012,0,9,9
938-9387013,5,7,12
938-9387019,0,3,3
938-9387021,2,9,11
938-9387022,0,0,0
938-9387023,0,3,3